-98.0392 -98.0392 15 -940.593 -918.507
-98.0392 -94.1176 15 -936.104 -897
-98.0392 -90.1961 15 -932.813 -877.697
-98.0392 -86.2745 15 -929.23 -858.433
-98.0392 -82.3529 15 -909.232 -838.199
-98.0392 -78.4314 15 -889.043 -819.106
-98.0392 -74.5098 15 -870.144 -800.295
-98.0392 -70.5882 15 -849.978 -780.5
-98.0392 -66.6667 15 -830.294 -760.781
-98.0392 -62.7451 15 -811.239 -740.983
-98.0392 -58.8235 15 -791.051 -721.371
-98.0392 -54.902 15 -772.115 -700.807
-98.0392 -50.9804 15 -752.453 -682.88
-98.0392 -47.0588 15 -732.933 -662.605
-98.0392 -43.1373 15 -713.024 -642.986
-98.0392 -39.2157 15 -694.152 -624.138
-98.0392 -35.2941 15 -674.702 -604.464
-98.0392 -31.3725 15 -654.554 -584.451
-98.0392 -27.451 15 -635.49 -563.886
-98.0392 -23.5294 15 -615.948 -541.798
-98.0392 -19.6078 15 -596.066 -518.386
-98.0392 -15.6863 15 -576.113 -493.467
-98.0392 -11.7647 15 -555.64 -461.223
-98.0392 -7.84314 15 -534.189 -422.951
-98.0392 -3.92157 15 -510.764 -376.129
-98.0392 0 15 -484.655 -320.208
-98.0392 3.92157 15 -452.981 -270.115
-98.0392 7.84314 15 -399.87 -228.681
-98.0392 11.7647 15 -339.875 -202.341
-98.0392 15.6863 15 -286.648 -169.593
-98.0392 19.6078 15 -241.599 -156.031
-98.0392 23.5294 15 -199.647 -132.049
-98.0392 27.451 15 -170.944 -132.407
-98.0392 31.3725 15 -153.063 -112.481
-98.0392 35.2941 15 -130.72 -103.109
-98.0392 39.2157 0 -122.003 -129.067
-98.0392 43.1373 0 -114.653 -166.873
-98.0392 47.0588 0 -92.8711 -207.41
-98.0392 50.9804 0 -106.614 -263.028
-98.0392 54.902 0 -136.76 -308.82
-98.0392 58.8235 0 -173.404 -345.366
-98.0392 62.7451 0 -227.915 -376.184
-98.0392 66.6667 0 -284.434 -407.798
-98.0392 70.5882 0 -324.691 -433.198
-98.0392 74.5098 0 -356.731 -455.322
-98.0392 78.4314 0 -387.835 -478.008
-98.0392 82.3529 0 -416.464 -500.601
-98.0392 86.2745 0 -440.217 -523.062
-98.0392 90.1961 0 -461.758 -545.762
-98.0392 94.1176 0 -483.71 -568.64
-98.0392 98.0392 0 -506.92 -576.304
-94.1176 -98.0392 15 -937.789 -914.34
-94.1176 -94.1176 15 -932.673 -892.744
-94.1176 -90.1961 15 -928.544 -873.316
-94.1176 -86.2745 15 -924.152 -852.934
-94.1176 -82.3529 15 -905.929 -834.242
-94.1176 -78.4314 15 -884.587 -815.541
-94.1176 -74.5098 15 -865.27 -795.978
-94.1176 -70.5882 15 -846.792 -777.154
-94.1176 -66.6667 15 -826.479 -757.154
-94.1176 -62.7451 15 -806.723 -737.385
-94.1176 -58.8235 15 -787.344 -717.979
-94.1176 -54.902 15 -768.67 -697.644
-94.1176 -50.9804 15 -749.425 -678.779
-94.1176 -47.0588 15 -729.141 -658.817
-94.1176 -43.1373 15 -709.032 -639.809
-94.1176 -39.2157 15 -688.925 -619.789
-94.1176 -35.2941 15 -670.116 -600.304
-94.1176 -31.3725 15 -649.993 -580.514
-94.1176 -27.451 15 -631.645 -559.871
-94.1176 -23.5294 15 -611.072 -538.06
-94.1176 -19.6078 15 -592.236 -514.618
-94.1176 -15.6863 15 -572.618 -488.899
-94.1176 -11.7647 15 -551.726 -457.271
-94.1176 -7.84314 15 -530.215 -418.906
-94.1176 -3.92157 15 -506.724 -358.295
-94.1176 0 15 -480.942 -304.113
-94.1176 3.92157 15 -445.372 -255.752
-94.1176 7.84314 15 -381.269 -214.635
-94.1176 11.7647 15 -321.158 -188.982
-94.1176 15.6863 15 -268.928 -160.787
-94.1176 19.6078 15 -226.086 -141.885
-94.1176 23.5294 15 -188.273 -127.108
-94.1176 27.451 15 -155.165 -124.655
-94.1176 31.3725 15 -140.863 -98.677
-94.1176 35.2941 15 -114.41 -104.144
-94.1176 39.2157 0 -113.514 -132.947
-94.1176 43.1373 0 -103.061 -169.842
-94.1176 47.0588 0 -84.8737 -216.564
-94.1176 50.9804 0 -108.352 -274.029
-94.1176 54.902 0 -140.675 -316.809
-94.1176 58.8235 0 -182.53 -351.573
-94.1176 62.7451 0 -239.328 -382.208
-94.1176 66.6667 0 -292.188 -414.339
-94.1176 70.5882 0 -330.795 -436.725
-94.1176 74.5098 0 -362.772 -458.56
-94.1176 78.4314 0 -393.566 -482.025
-94.1176 82.3529 0 -420.475 -504.154
-94.1176 86.2745 0 -442.185 -525.748
-94.1176 90.1961 0 -465.015 -548.52
-94.1176 94.1176 0 -487.027 -577.643
-94.1176 98.0392 0 -510.268 -585.62
-90.1961 -98.0392 15 -933.064 -910.07
-90.1961 -94.1176 15 -929.048 -889.148
-90.1961 -90.1961 15 -924.841 -870.174
-90.1961 -86.2745 15 -920.125 -851.532
-90.1961 -82.3529 15 -901.814 -830.796
-90.1961 -78.4314 15 -880.007 -811.258
-90.1961 -74.5098 15 -861.57 -791.348
-90.1961 -70.5882 15 -842.325 -772.457
-90.1961 -66.6667 15 -821.926 -752.902
-90.1961 -62.7451 15 -802.57 -733.779
-90.1961 -58.8235 15 -784.188 -713.926
-90.1961 -54.902 15 -765.106 -693.659
-90.1961 -50.9804 15 -743.919 -674.749
-90.1961 -47.0588 15 -724.924 -654.421
-90.1961 -43.1373 15 -705.321 -635.7
-90.1961 -39.2157 15 -684.704 -615.954
-90.1961 -35.2941 15 -665.748 -596.481
-90.1961 -31.3725 15 -646.325 -575.965
-90.1961 -27.451 15 -627.442 -555.791
-90.1961 -23.5294 15 -607.593 -534.228
-90.1961 -19.6078 15 -587.852 -511.038
-90.1961 -15.6863 15 -568.035 -485.204
-90.1961 -11.7647 15 -547.582 -453.262
-90.1961 -7.84314 15 -526.362 -400.229
-90.1961 -3.92157 15 -503.183 -340.047
-90.1961 0 15 -472.916 -286.88
-90.1961 3.92157 15 -425.558 -241.836
-90.1961 7.84314 15 -361.768 -199.996
-90.1961 11.7647 15 -302.881 -171.291
-90.1961 15.6863 15 -251.535 -153.415
-90.1961 19.6078 15 -209.668 -131.063
-90.1961 23.5294 15 -177.295 -122.285
-90.1961 27.451 15 -144.757 -114.974
-90.1961 31.3725 15 -131.708 -93.2069
-90.1961 35.2941 0 -103.569 -106.977
-90.1961 39.2157 0 -108.343 -137.155
-90.1961 43.1373 0 -91.0709 -173.663
-90.1961 47.0588 0 -80.6378 -227.902
-90.1961 50.9804 0 -109.729 -284.478
-90.1961 54.902 0 -143.855 -325.391
-90.1961 58.8235 0 -194.414 -356.958
-90.1961 62.7451 0 -250.682 -387.834
-90.1961 66.6667 0 -300.608 -416.521
-90.1961 70.5882 0 -337.43 -440.652
-90.1961 74.5098 0 -369.487 -462.796
-90.1961 78.4314 0 -400.147 -484.75
-90.1961 82.3529 0 -423.579 -507.306
-90.1961 86.2745 0 -445.67 -529.948
-90.1961 90.1961 0 -467.601 -557.833
-90.1961 94.1176 0 -490.49 -584.808
-90.1961 98.0392 0 -519.809 -592.274
-86.2745 -98.0392 15 -928.611 -906.745
-86.2745 -94.1176 15 -925.053 -884.062
-86.2745 -90.1961 15 -920.91 -865.327
-86.2745 -86.2745 15 -917.785 -847.3
-86.2745 -82.3529 15 -898.098 -826.537
-86.2745 -78.4314 15 -877.399 -808.042
-86.2745 -74.5098 15 -857.267 -788.117
-86.2745 -70.5882 15 -838.199 -769.285
-86.2745 -66.6667 15 -818.834 -749.286
-86.2745 -62.7451 15 -798.574 -728.94
-86.2745 -58.8235 15 -779.608 -709.764
-86.2745 -54.902 15 -760.309 -690.53
-86.2745 -50.9804 15 -741.427 -669.967
-86.2745 -47.0588 15 -721.145 -651.021
-86.2745 -43.1373 15 -701.836 -631.598
-86.2745 -39.2157 15 -681.602 -611.442
-86.2745 -35.2941 15 -663.177 -592.609
-86.2745 -31.3725 15 -642.701 -572.681
-86.2745 -27.451 15 -623.549 -551.988
-86.2745 -23.5294 15 -603.559 -530.817
-86.2745 -19.6078 15 -584.383 -506.988
-86.2745 -15.6863 15 -564.783 -481.355
-86.2745 -11.7647 15 -543.844 -445.331
-86.2745 -7.84314 15 -522.046 -381.109
-86.2745 -3.92157 15 -496.095 -321.474
-86.2745 0 15 -465.087 -269.202
-86.2745 3.92157 15 -406.619 -226.422
-86.2745 7.84314 15 -343.043 -188.617
-86.2745 11.7647 15 -283.658 -155.497
-86.2745 15.6863 15 -232.582 -141.256
-86.2745 19.6078 15 -193.71 -114.75
-86.2745 23.5294 15 -164.092 -113.811
-86.2745 27.451 15 -133.067 -103.404
-86.2745 31.3725 15 -121.654 -85.2512
-86.2745 35.2941 0 -99.0294 -108.677
-86.2745 39.2157 0 -103.418 -140.836
-86.2745 43.1373 0 -75.2574 -182.933
-86.2745 47.0588 0 -80.5483 -240.033
-86.2745 50.9804 0 -111.311 -292.875
-86.2745 54.902 0 -152.566 -331.604
-86.2745 58.8235 0 -205.504 -363.262
-86.2745 62.7451 0 -262.107 -394.707
-86.2745 66.6667 0 -309.654 -420.208
-86.2745 70.5882 0 -343.947 -443.28
-86.2745 74.5098 0 -375.707 -465.029
-86.2745 78.4314 0 -403.136 -487.746
-86.2745 82.3529 0 -426.5 -511.666
-86.2745 86.2745 0 -448.783 -538.747
-86.2745 90.1961 0 -471.625 -569.342
-86.2745 94.1176 0 -500.738 -591.796
-86.2745 98.0392 0 -530.547 -600.722
-82.3529 -98.0392 15 -925.185 -901.168
-82.3529 -94.1176 15 -921.108 -882.352
-82.3529 -90.1961 15 -916.623 -862.281
-82.3529 -86.2745 15 -912.903 -843.051
-82.3529 -82.3529 15 -894.207 -823.059
-82.3529 -78.4314 15 -874.884 -803.15
-82.3529 -74.5098 15 -853.563 -783.247
-82.3529 -70.5882 15 -835.058 -765.2
-82.3529 -66.6667 15 -813.882 -744.592
-82.3529 -62.7451 15 -795.139 -725.683
-82.3529 -58.8235 15 -776.053 -705.272
-82.3529 -54.902 15 -756.418 -686.347
-82.3529 -50.9804 15 -737.411 -666.472
-82.3529 -47.0588 15 -717.242 -647.359
-82.3529 -43.1373 15 -697.972 -627.981
-82.3529 -39.2157 15 -678.529 -608.213
-82.3529 -35.2941 15 -659.019 -588.846
-82.3529 -31.3725 15 -639.593 -568.912
-82.3529 -27.451 15 -619.268 -547.899
-82.3529 -23.5294 15 -600.542 -526.096
-82.3529 -19.6078 15 -580.506 -503.262
-82.3529 -15.6863 15 -560.418 -472.778
-82.3529 -11.7647 15 -540.023 -425.811
-82.3529 -7.84314 15 -514.377 -362.209
-82.3529 -3.92157 15 -488.475 -303.218
-82.3529 0 15 -454.015 -251.84
-82.3529 3.92157 15 -386.917 -209.98
-82.3529 7.84314 15 -323.525 -177.622
-82.3529 11.7647 15 -265.588 -145.115
-82.3529 15.6863 15 -216.023 -131.999
-82.3529 19.6078 15 -175.441 -103.893
-82.3529 23.5294 15 -149.551 -108.712
-82.3529 27.451 15 -125.291 -91.4372
-82.3529 31.3725 15 -104.686 -80.9957
-82.3529 35.2941 0 -95.3006 -109.995
-82.3529 39.2157 0 -88.1554 -144.315
-82.3529 43.1373 0 -68.7583 -194.458
-82.3529 47.0588 0 -83.6095 -250.86
-82.3529 50.9804 0 -113.647 -300.971
-82.3529 54.902 0 -163.289 -337.713
-82.3529 58.8235 0 -217.316 -369.716
-82.3529 62.7451 0 -273.485 -400.126
-82.3529 66.6667 0 -317.108 -423.379
-82.3529 70.5882 0 -348.725 -445.884
-82.3529 74.5098 0 -381.446 -468.138
-82.3529 78.4314 0 -406.745 -491.299
-82.3529 82.3529 0 -429.5 -517.828
-82.3529 86.2745 0 -452.385 -548.286
-82.3529 90.1961 0 -479.677 -575.725
-82.3529 94.1176 0 -511.44 -600.093
-82.3529 98.0392 0 -541.534 -607.794
-78.4314 -98.0392 15 -920.258 -897.159
-78.4314 -94.1176 15 -917.374 -878.33
-78.4314 -90.1961 15 -914.604 -857.795
-78.4314 -86.2745 15 -909.225 -839.058
-78.4314 -82.3529 15 -889.366 -820.011
-78.4314 -78.4314 15 -869.479 -799.571
-78.4314 -74.5098 15 -849.882 -779.269
-78.4314 -70.5882 15 -830.803 -760.418
-78.4314 -66.6667 15 -811.284 -741.895
-78.4314 -62.7451 15 -791.69 -720.715
-78.4314 -58.8235 15 -771.986 -701.589
-78.4314 -54.902 15 -753.311 -682.538
-78.4314 -50.9804 15 -732.843 -663.018
-78.4314 -47.0588 15 -713.641 -643.062
-78.4314 -43.1373 15 -693.706 -623.133
-78.4314 -39.2157 15 -673.706 -603.76
-78.4314 -35.2941 15 -655.042 -585.212
-78.4314 -31.3725 15 -634.749 -564.709
-78.4314 -27.451 15 -615.222 -544.558
-78.4314 -23.5294 15 -596.383 -522.999
-78.4314 -19.6078 15 -576.16 -496.137
-78.4314 -15.6863 15 -556.835 -465.352
-78.4314 -11.7647 15 -532.179 -407.032
-78.4314 -7.84314 15 -507.861 -343.428
-78.4314 -3.92157 15 -480.301 -284.017
-78.4314 0 15 -434.234 -232.949
-78.4314 3.92157 15 -368.032 -194.042
-78.4314 7.84314 15 -304.694 -164.449
-78.4314 11.7647 15 -249.283 -133.437
-78.4314 15.6863 15 -202.074 -122.031
-78.4314 19.6078 15 -161.035 -99.4037
-78.4314 23.5294 15 -135.597 -103.751
-78.4314 27.451 15 -117.151 -75.5876
-78.4314 31.3725 15 -90.8729 -80.9097
-78.4314 35.2941 0 -90.7717 -111.739
-78.4314 39.2157 0 -77.3117 -152.809
-78.4314 43.1373 0 -67.7543 -205.788
-78.4314 47.0588 0 -87.1954 -262.073
-78.4314 50.9804 0 -121.591 -310.037
-78.4314 54.902 0 -173.814 -344.451
-78.4314 58.8235 0 -227.67 -376.38
-78.4314 62.7451 0 -285.313 -403.327
-78.4314 66.6667 0 -324.204 -427.623
-78.4314 70.5882 0 -354.804 -450.111
-78.4314 74.5098 0 -387.084 -471.677
-78.4314 78.4314 0 -410.086 -500.654
-78.4314 82.3529 0 -433.089 -530.393
-78.4314 86.2745 0 -461.914 -559.243
-78.4314 90.1961 0 -492.424 -583.67
-78.4314 94.1176 0 -521.448 -607.719
-78.4314 98.0392 0 -551.785 -616.247
-74.5098 -98.0392 15 -916.874 -894.677
-74.5098 -94.1176 15 -913.386 -874.174
-74.5098 -90.1961 15 -908.947 -853.029
-74.5098 -86.2745 15 -906.184 -835.272
-74.5098 -82.3529 15 -885.675 -815.041
-74.5098 -78.4314 15 -864.87 -795.596
-74.5098 -74.5098 15 -845.966 -776.648
-74.5098 -70.5882 15 -827.299 -756.563
-74.5098 -66.6667 15 -807.372 -737.399
-74.5098 -62.7451 15 -787.512 -717.323
-74.5098 -58.8235 15 -767.875 -698.1
-74.5098 -54.902 15 -748.868 -678.307
-74.5098 -50.9804 15 -729.524 -659.246
-74.5098 -47.0588 15 -709.625 -639.35
-74.5098 -43.1373 15 -690.195 -619.723
-74.5098 -39.2157 15 -671.331 -600.335
-74.5098 -35.2941 15 -651.048 -581.353
-74.5098 -31.3725 15 -630.991 -561.018
-74.5098 -27.451 15 -611.588 -540.059
-74.5098 -23.5294 15 -591.891 -515.043
-74.5098 -19.6078 15 -572.421 -487.862
-74.5098 -15.6863 15 -549.168 -454.758
-74.5098 -11.7647 15 -524.768 -387.241
-74.5098 -7.84314 15 -499.513 -323.806
-74.5098 -3.92157 15 -468.336 -265.921
-74.5098 0 15 -414.97 -216.313
-74.5098 3.92157 15 -348.495 -175.796
-74.5098 7.84314 15 -286.79 -149.904
-74.5098 11.7647 15 -233.158 -125.605
-74.5098 15.6863 15 -188.732 -105.058
-74.5098 19.6078 15 -150.492 -95.6619
-74.5098 23.5294 15 -118.265 -88.5026
-74.5098 27.451 15 -107.298 -69.1102
-74.5098 31.3725 15 -85.3849 -83.9614
-74.5098 35.2941 0 -80.3596 -114.062
-74.5098 39.2157 0 -70.6963 -163.807
-74.5098 43.1373 0 -67.8057 -217.33
-74.5098 47.0588 0 -90.5843 -273.226
-74.5098 50.9804 0 -131.851 -318.078
-74.5098 54.902 0 -184.493 -349.47
-74.5098 58.8235 0 -239.673 -382.377
-74.5098 62.7451 0 -293.079 -407.293
-74.5098 66.6667 0 -329.831 -430.284
-74.5098 70.5882 0 -361.704 -453.227
-74.5098 74.5098 0 -390.232 -479.694
-74.5098 78.4314 0 -413.33 -511.254
-74.5098 82.3529 0 -440.924 -541.827
-74.5098 86.2745 0 -473.459 -567.649
-74.5098 90.1961 0 -503.306 -590.833
-74.5098 94.1176 0 -533.977 -614.893
-74.5098 98.0392 0 -559.719 -622.451
-70.5882 -98.0392 15 -913.445 -890.552
-70.5882 -94.1176 15 -909.496 -868.545
-70.5882 -90.1961 15 -905.089 -849.923
-70.5882 -86.2745 15 -902.583 -831.245
-70.5882 -82.3529 15 -881.68 -810.383
-70.5882 -78.4314 15 -862.1 -791.842
-70.5882 -74.5098 15 -842.09 -772.208
-70.5882 -70.5882 15 -822.554 -753.049
-70.5882 -66.6667 15 -803.698 -733.355
-70.5882 -62.7451 15 -783.367 -713.799
-70.5882 -58.8235 15 -763.767 -695.009
-70.5882 -54.902 15 -745.126 -674.54
-70.5882 -50.9804 15 -726.106 -655.886
-70.5882 -47.0588 15 -705.457 -634.951
-70.5882 -43.1373 15 -686.086 -615.454
-70.5882 -39.2157 15 -666.22 -596.272
-70.5882 -35.2941 15 -646.76 -577.386
-70.5882 -31.3725 15 -627.039 -556.92
-70.5882 -27.451 15 -607.344 -532.094
-70.5882 -23.5294 15 -588.795 -507.785
-70.5882 -19.6078 15 -564.707 -480.593
-70.5882 -15.6863 15 -541.298 -434.158
-70.5882 -11.7647 15 -517.315 -368.389
-70.5882 -7.84314 15 -492.249 -305.057
-70.5882 -3.92157 15 -458.178 -249.624
-70.5882 0 15 -395.016 -202.395
-70.5882 3.92157 15 -329.265 -161.415
-70.5882 7.84314 15 -269.052 -135.901
-70.5882 11.7647 15 -215.684 -117.5
-70.5882 15.6863 15 -172.127 -91.2283
-70.5882 19.6078 15 -140.997 -91.1165
-70.5882 23.5294 15 -107.257 -77.6412
-70.5882 27.451 15 -95.5533 -68.1144
-70.5882 31.3725 0 -77.4605 -87.5114
-70.5882 35.2941 0 -75.8636 -121.811
-70.5882 39.2157 0 -55.8009 -174.229
-70.5882 43.1373 0 -68.5175 -228.302
-70.5882 47.0588 0 -99.2252 -285.798
-70.5882 50.9804 0 -142.446 -324.12
-70.5882 54.902 0 -194.911 -354.904
-70.5882 58.8235 0 -251.246 -387.588
-70.5882 62.7451 0 -301.742 -410.124
-70.5882 66.6667 0 -335.429 -433.467
-70.5882 70.5882 0 -367.804 -461.227
-70.5882 74.5098 0 -393.76 -491.897
-70.5882 78.4314 0 -421.87 -521.9
-70.5882 82.3529 0 -453.173 -552.243
-70.5882 86.2745 0 -483.698 -575.493
-70.5882 90.1961 0 -513.367 -597.966
-70.5882 94.1176 0 -544.091 -622.231
-70.5882 98.0392 0 -567.942 -631.287
-66.6667 -98.0392 15 -908.75 -885.748
-66.6667 -94.1176 15 -905.298 -864.909
-66.6667 -90.1961 15 -902.079 -846.154
-66.6667 -86.2745 15 -897.511 -827.547
-66.6667 -82.3529 15 -878.637 -807.271
-66.6667 -78.4314 15 -858.305 -787.19
-66.6667 -74.5098 15 -838.202 -768.389
-66.6667 -70.5882 15 -818.481 -748.937
-66.6667 -66.6667 15 -799.326 -729.562
-66.6667 -62.7451 15 -780.028 -709.469
-66.6667 -58.8235 15 -761.009 -690.126
-66.6667 -54.902 15 -742.35 -670.568
-66.6667 -50.9804 15 -720.923 -651.864
-66.6667 -47.0588 15 -701.646 -630.779
-66.6667 -43.1373 15 -682.316 -612.041
-66.6667 -39.2157 15 -661.988 -591.914
-66.6667 -35.2941 15 -643.468 -572.979
-66.6667 -31.3725 15 -623.524 -548.934
-66.6667 -27.451 15 -604.374 -524.882
-66.6667 -23.5294 15 -580.616 -499.519
-66.6667 -19.6078 15 -557.885 -468.906
-66.6667 -15.6863 15 -533.913 -415.236
-66.6667 -11.7647 15 -509.494 -348.861
-66.6667 -7.84314 15 -481.547 -287.012
-66.6667 -3.92157 15 -444.165 -233.528
-66.6667 0 15 -375.882 -189.089
-66.6667 3.92157 15 -310.627 -150.926
-66.6667 7.84314 15 -250.794 -118.621
-66.6667 11.7647 15 -197.882 -107.629
-66.6667 15.6863 15 -155.781 -85.7154
-66.6667 19.6078 15 -125.153 -80.7066
-66.6667 23.5294 15 -101.211 -71.0447
-66.6667 27.451 15 -83.6466 -68.1464
-66.6667 31.3725 0 -73.2265 -90.8902
-66.6667 35.2941 0 -69.9806 -132.007
-66.6667 39.2157 0 -47.7518 -184.861
-66.6667 43.1373 0 -67.4242 -240.07
-66.6667 47.0588 0 -108.901 -293.788
-66.6667 50.9804 0 -153.64 -330.091
-66.6667 54.902 0 -206.321 -361.869
-66.6667 58.8235 0 -262.379 -390.737
-66.6667 62.7451 0 -310.153 -413.634
-66.6667 66.6667 0 -342.072 -440.911
-66.6667 70.5882 0 -374.194 -471.816
-66.6667 74.5098 0 -402.556 -502.481
-66.6667 78.4314 0 -433.61 -532.96
-66.6667 82.3529 0 -464.547 -559.208
-66.6667 86.2745 0 -494.279 -583.067
-66.6667 90.1961 0 -525.347 -607.202
-66.6667 94.1176 0 -551.473 -630.439
-66.6667 98.0392 0 -575.792 -638.199
-62.7451 -98.0392 15 -905.505 -882.63
-62.7451 -94.1176 15 -902.188 -862.088
-62.7451 -90.1961 15 -897.77 -842.48
-62.7451 -86.2745 15 -894.919 -823.597
-62.7451 -82.3529 15 -874.43 -803.793
-62.7451 -78.4314 15 -854.343 -784.581
-62.7451 -74.5098 15 -834.973 -763.936
-62.7451 -70.5882 15 -815.267 -745.435
-62.7451 -66.6667 15 -794.726 -725.475
-62.7451 -62.7451 15 -774.74 -706.178
-62.7451 -58.8235 15 -755.833 -685.717
-62.7451 -54.902 15 -738.146 -666.091
-62.7451 -50.9804 15 -717.282 -647.35
-62.7451 -47.0588 15 -698.048 -627.546
-62.7451 -43.1373 15 -678.836 -608.825
-62.7451 -39.2157 15 -658.05 -588.511
-62.7451 -35.2941 15 -639.43 -565.374
-62.7451 -31.3725 15 -619.253 -541.881
-62.7451 -27.451 15 -594.989 -516.937
-62.7451 -23.5294 15 -572.834 -492.084
-62.7451 -19.6078 15 -549.678 -458.266
-62.7451 -15.6863 15 -525.896 -395.192
-62.7451 -11.7647 15 -501.229 -329.311
-62.7451 -7.84314 15 -469.733 -269.35
-62.7451 -3.92157 15 -424.062 -215.989
-62.7451 0 15 -356.591 -172.457
-62.7451 3.92157 15 -291.657 -141.357
-62.7451 7.84314 15 -232.161 -107.589
-62.7451 11.7647 15 -181.484 -95.9687
-62.7451 15.6863 15 -141.668 -77.773
-62.7451 19.6078 15 -111.029 -76.2467
-62.7451 23.5294 15 -96.0547 -56.133
-62.7451 27.451 0 -67.7655 -68.9122
-62.7451 31.3725 0 -67.6238 -99.5412
-62.7451 35.2941 0 -53.8952 -142.798
-62.7451 39.2157 0 -48.9423 -195.8
-62.7451 43.1373 0 -72.384 -251.534
-62.7451 47.0588 0 -117.78 -302.121
-62.7451 50.9804 0 -165.124 -335.672
-62.7451 54.902 0 -217.197 -368.143
-62.7451 58.8235 0 -273.481 -394.532
-62.7451 62.7451 0 -316.558 -421.693
-62.7451 66.6667 0 -347.24 -451.797
-62.7451 70.5882 0 -383.308 -483.143
-62.7451 74.5098 0 -414.625 -513.615
-62.7451 78.4314 0 -443.914 -542.599
-62.7451 82.3529 0 -475.008 -567.452
-62.7451 86.2745 0 -506.51 -590.37
-62.7451 90.1961 0 -535.789 -614.092
-62.7451 94.1176 0 -559.39 -638.196
-62.7451 98.0392 0 -583.827 -644.732
-58.8235 -98.0392 15 -901.31 -877.183
-58.8235 -94.1176 15 -898.715 -858.142
-58.8235 -90.1961 15 -894.223 -837.409
-58.8235 -86.2745 15 -889.979 -820.277
-58.8235 -82.3529 15 -870.968 -800.253
-58.8235 -78.4314 15 -849.982 -781.03
-58.8235 -74.5098 15 -830.653 -761.054
-58.8235 -70.5882 15 -811.03 -742.384
-58.8235 -66.6667 15 -791.886 -721.102
-58.8235 -62.7451 15 -772.461 -701.876
-58.8235 -58.8235 15 -752.759 -682.312
-58.8235 -54.902 15 -734.189 -662.461
-58.8235 -50.9804 15 -713.719 -643.466
-58.8235 -47.0588 15 -693.511 -623.459
-58.8235 -43.1373 15 -674.197 -604.055
-58.8235 -39.2157 15 -654.603 -581.041
-58.8235 -35.2941 15 -635.073 -557.85
-58.8235 -31.3725 15 -612.25 -533.363
-58.8235 -27.451 15 -588.148 -509.546
-58.8235 -23.5294 15 -565.656 -481.845
-58.8235 -19.6078 15 -541.634 -444.047
-58.8235 -15.6863 15 -518.368 -376.728
-58.8235 -11.7647 15 -490.713 -311.198
-58.8235 -7.84314 15 -458.979 -250.954
-58.8235 -3.92157 15 -405.086 -198.239
-58.8235 0 15 -337.293 -156.086
-58.8235 3.92157 15 -272.852 -125.557
-58.8235 7.84314 15 -214.13 -101.541
-58.8235 11.7647 15 -163.137 -83.99
-58.8235 15.6863 15 -124.157 -73.5456
-58.8235 19.6078 15 -100.206 -70.3199
-58.8235 23.5294 15 -80.7162 -48.0989
-58.8235 27.451 0 -61.331 -67.7943
-58.8235 31.3725 0 -62.2596 -109.193
-58.8235 35.2941 0 -42.563 -154.028
-58.8235 39.2157 0 -51.0354 -206.617
-58.8235 43.1373 0 -80.2916 -262.852
-58.8235 47.0588 0 -127.513 -310.467
-58.8235 50.9804 0 -176.176 -342.019
-58.8235 54.902 0 -228.743 -373.737
-58.8235 58.8235 0 -285.186 -402.6
-58.8235 62.7451 0 -322.563 -433.189
-58.8235 66.6667 0 -360.359 -463.211
-58.8235 70.5882 0 -393.607 -494.352
-58.8235 74.5098 0 -425.579 -524.892
-58.8235 78.4314 0 -455.787 -551.109
-58.8235 82.3529 0 -485.679 -574.573
-58.8235 86.2745 0 -516.897 -597.89
-58.8235 90.1961 0 -543.474 -621.615
-58.8235 94.1176 0 -567.564 -645.593
-58.8235 98.0392 0 -590.984 -652.475
-54.902 -98.0392 15 -897.71 -874.307
-54.902 -94.1176 15 -894.144 -852.954
-54.902 -90.1961 15 -889.96 -834.702
-54.902 -86.2745 15 -885.761 -815.61
-54.902 -82.3529 15 -866.896 -795.762
-54.902 -78.4314 15 -846.195 -775.152
-54.902 -74.5098 15 -826.385 -756.365
-54.902 -70.5882 15 -807.224 -738.231
-54.902 -66.6667 15 -788.041 -718.023
-54.902 -62.7451 15 -767.636 -697.665
-54.902 -58.8235 15 -747.768 -678.046
-54.902 -54.902 15 -729.39 -658.559
-54.902 -50.9804 15 -709.12 -640.062
-54.902 -47.0588 15 -690.038 -619.191
-54.902 -43.1373 15 -669.821 -595.924
-54.902 -39.2157 15 -650.853 -573.473
-54.902 -35.2941 15 -627.511 -549.23
-54.902 -31.3725 15 -603.846 -525.384
-54.902 -27.451 15 -580.721 -502.185
-54.902 -23.5294 15 -556.899 -470.02
-54.902 -19.6078 15 -533.946 -424.43
-54.902 -15.6863 15 -510.601 -356.968
-54.902 -11.7647 15 -479.694 -291.938
-54.902 -7.84314 15 -444.102 -232.604
-54.902 -3.92157 15 -384.604 -181.888
-54.902 0 15 -317.973 -141.984
-54.902 3.92157 15 -253.894 -111.353
-54.902 7.84314 15 -195.365 -96.3935
-54.902 11.7647 15 -147.521 -68.1091
-54.902 15.6863 15 -110.658 -67.9724
-54.902 19.6078 15 -83.8387 -54.2238
-54.902 23.5294 15 -69.8149 -49.2746
-54.902 27.451 0 -60.3074 -72.771
-54.902 31.3725 0 -54.3132 -118.127
-54.902 35.2941 0 -42.8285 -165.466
-54.902 39.2157 0 -58.3959 -217.331
-54.902 43.1373 0 -89.583 -273.835
-54.902 47.0588 0 -136.945 -316.576
-54.902 50.9804 0 -186.729 -348.52
-54.902 54.902 0 -240.134 -382.965
-54.902 58.8235 0 -293.663 -413.924
-54.902 62.7451 0 -334.236 -444.024
-54.902 66.6667 0 -373.044 -474.326
-54.902 70.5882 0 -404.276 -505.95
-54.902 74.5098 0 -436.834 -535.314
-54.902 78.4314 0 -466.307 -559.095
-54.902 82.3529 0 -497.907 -582.477
-54.902 86.2745 0 -528.122 -605.687
-54.902 90.1961 0 -551.196 -629.785
-54.902 94.1176 0 -574.199 -652.609
-54.902 98.0392 0 -598.794 -661.605
-50.9804 -98.0392 15 -893.421 -870.208
-50.9804 -94.1176 15 -889.964 -850.455
-50.9804 -90.1961 15 -886.063 -830.708
-50.9804 -86.2745 15 -882.601 -811.798
-50.9804 -82.3529 15 -863.409 -791.467
-50.9804 -78.4314 15 -842.485 -772.454
-50.9804 -74.5098 15 -822.575 -752.807
-50.9804 -70.5882 15 -803.557 -733.618
-50.9804 -66.6667 15 -783.82 -713.832
-50.9804 -62.7451 15 -764.446 -694.361
-50.9804 -58.8235 15 -744.544 -674.697
-50.9804 -54.902 15 -726.128 -654.862
-50.9804 -50.9804 15 -706.674 -635.215
-50.9804 -47.0588 15 -686.187 -612.133
-50.9804 -43.1373 15 -666.509 -588.239
-50.9804 -39.2157 15 -642.952 -565.653
-50.9804 -35.2941 15 -619.76 -541.883
-50.9804 -31.3725 15 -596.179 -518.517
-50.9804 -27.451 15 -572.955 -490.55
-50.9804 -23.5294 15 -550.234 -458.549
-50.9804 -19.6078 15 -525.871 -405.406
-50.9804 -15.6863 15 -499.022 -337.374
-50.9804 -11.7647 15 -469.094 -273.04
-50.9804 -7.84314 15 -429.983 -214.519
-50.9804 -3.92157 15 -365.813 -163.505
-50.9804 0 15 -298.677 -124.467
-50.9804 3.92157 15 -234.935 -100.562
-50.9804 7.84314 15 -178.032 -81.0502
-50.9804 11.7647 15 -134.275 -61.6284
-50.9804 15.6863 15 -101.285 -62.611
-50.9804 19.6078 15 -73.0036 -42.8949
-50.9804 23.5294 15 -63.255 -51.3574
-50.9804 27.451 0 -59.6321 -80.6378
-50.9804 31.3725 0 -44.2139 -127.848
-50.9804 35.2941 0 -39.4487 -176.506
-50.9804 39.2157 0 -67.6012 -229.03
-50.9804 43.1373 0 -100.671 -285.768
-50.9804 47.0588 0 -146.527 -322.475
-50.9804 50.9804 0 -197.882 -360.541
-50.9804 54.902 0 -251.326 -392.938
-50.9804 58.8235 0 -307.986 -424.837
-50.9804 62.7451 0 -348.586 -454.879
-50.9804 66.6667 0 -385.152 -485.29
-50.9804 70.5882 0 -415.855 -516.263
-50.9804 74.5098 0 -447.533 -542.892
-50.9804 78.4314 0 -477.51 -567.685
-50.9804 82.3529 0 -508.59 -589.733
-50.9804 86.2745 0 -535.942 -613.144
-50.9804 90.1961 0 -559.2 -638.526
-50.9804 94.1176 0 -582.1 -660.717
-50.9804 98.0392 0 -605.724 -668.533
-47.0588 -98.0392 15 -890.17 -867.563
-47.0588 -94.1176 15 -885.87 -846.149
-47.0588 -90.1961 15 -881.521 -826.148
-47.0588 -86.2745 15 -878.226 -807.343
-47.0588 -82.3529 15 -859.911 -788.564
-47.0588 -78.4314 15 -838.09 -768.558
-47.0588 -74.5098 15 -818.573 -749.132
-47.0588 -70.5882 15 -799.847 -729.548
-47.0588 -66.6667 15 -779.702 -710.402
-47.0588 -62.7451 15 -760.263 -690.764
-47.0588 -58.8235 15 -740.399 -669.969
-47.0588 -54.902 15 -722.358 -650.951
-47.0588 -50.9804 15 -701.472 -627.568
-47.0588 -47.0588 15 -681.827 -604.528
-47.0588 -43.1373 15 -658.02 -581.017
-47.0588 -39.2157 15 -636.201 -558.187
-47.0588 -35.2941 15 -612.551 -534.212
-47.0588 -31.3725 15 -588.763 -511.105
-47.0588 -27.451 15 -565.083 -480.309
-47.0588 -23.5294 15 -542.889 -444.556
-47.0588 -19.6078 15 -518.658 -385.011
-47.0588 -15.6863 15 -488.81 -318.761
-47.0588 -11.7647 15 -456.948 -254.103
-47.0588 -7.84314 15 -414.755 -195.685
-47.0588 -3.92157 15 -346.337 -147.865
-47.0588 0 15 -279.279 -111.017
-47.0588 3.92157 15 -215.736 -84.1912
-47.0588 7.84314 15 -162.044 -70.12
-47.0588 11.7647 15 -120.773 -60.6643
-47.0588 15.6863 15 -91.1452 -54.6392
-47.0588 19.6078 15 -68.4176 -43.1838
-47.0588 23.5294 0 -48.3106 -58.6792
-47.0588 27.451 0 -44.6353 -89.864
-47.0588 31.3725 0 -30.3784 -137.332
-47.0588 35.2941 0 -38.2888 -187.173
-47.0588 39.2157 0 -75.1974 -240.108
-47.0588 43.1373 0 -112.023 -294.019
-47.0588 47.0588 0 -156.668 -333.536
-47.0588 50.9804 0 -208.949 -372.482
-47.0588 54.902 0 -268.267 -404.051
-47.0588 58.8235 0 -321.654 -435.818
-47.0588 62.7451 0 -362.266 -466.333
-47.0588 66.6667 0 -395.092 -497.562
-47.0588 70.5882 0 -426.84 -527.682
-47.0588 74.5098 0 -458.548 -550.494
-47.0588 78.4314 0 -488.393 -574.081
-47.0588 82.3529 0 -518.825 -597.776
-47.0588 86.2745 0 -543.267 -620.688
-47.0588 90.1961 0 -566.049 -644.618
-47.0588 94.1176 0 -590.678 -669.269
-47.0588 98.0392 0 -614.179 -676.656
-43.1373 -98.0392 15 -887.888 -862.975
-43.1373 -94.1176 15 -882.169 -843.01
-43.1373 -90.1961 15 -878.73 -823.615
-43.1373 -86.2745 15 -874.387 -803.629
-43.1373 -82.3529 15 -855.468 -783.966
-43.1373 -78.4314 15 -834.544 -763.481
-43.1373 -74.5098 15 -814.79 -744.689
-43.1373 -70.5882 15 -794.665 -725.629
-43.1373 -66.6667 15 -774.833 -705.915
-43.1373 -62.7451 15 -757.035 -686.243
-43.1373 -58.8235 15 -737.338 -666.473
-43.1373 -54.902 15 -718.121 -643.624
-43.1373 -50.9804 15 -698.314 -619.69
-43.1373 -47.0588 15 -673.065 -597.302
-43.1373 -43.1373 15 -650.948 -573.007
-43.1373 -39.2157 15 -627.527 -550.783
-43.1373 -35.2941 15 -603.811 -526.855
-43.1373 -31.3725 15 -580.675 -499.488
-43.1373 -27.451 15 -558.65 -468.909
-43.1373 -23.5294 15 -534.537 -430.208
-43.1373 -19.6078 15 -507.697 -366.221
-43.1373 -15.6863 15 -476.94 -299.018
-43.1373 -11.7647 15 -443.161 -235.223
-43.1373 -7.84314 15 -394.397 -178.38
-43.1373 -3.92157 15 -326.743 -134.647
-43.1373 0 15 -260.052 -101.595
-43.1373 3.92157 15 -197.554 -73.3432
-43.1373 7.84314 15 -146 -63.5747
-43.1373 11.7647 15 -103.074 -59.9688
-43.1373 15.6863 15 -74.183 -44.555
-43.1373 19.6078 15 -62.5221 -39.7586
-43.1373 23.5294 0 -40.2782 -67.9582
-43.1373 27.451 0 -38.1944 -100.989
-43.1373 31.3725 0 -29.4329 -147.017
-43.1373 35.2941 0 -42.7726 -197.992
-43.1373 39.2157 0 -82.3408 -251.401
-43.1373 43.1373 0 -122.858 -306.849
-43.1373 47.0588 0 -166.813 -347.88
-43.1373 50.9804 0 -225.423 -384.187
-43.1373 54.902 0 -287.504 -415.518
-43.1373 58.8235 0 -335.502 -447.421
-43.1373 62.7451 0 -376.492 -477.451
-43.1373 66.6667 0 -406.128 -508.081
-43.1373 70.5882 0 -437.879 -535.524
-43.1373 74.5098 0 -469.65 -558.878
-43.1373 78.4314 0 -499.163 -582.451
-43.1373 82.3529 0 -526.854 -605.422
-43.1373 86.2745 0 -551.033 -628.616
-43.1373 90.1961 0 -574.08 -653.379
-43.1373 94.1176 0 -598.045 -675.184
-43.1373 98.0392 0 -620.864 -684.179
-39.2157 -98.0392 15 -882.258 -859.537
-39.2157 -94.1176 15 -878.543 -838.48
-39.2157 -90.1961 15 -874.074 -817.868
-39.2157 -86.2745 15 -870.849 -799.253
-39.2157 -82.3529 15 -851.173 -779.296
-39.2157 -78.4314 15 -830.547 -760.128
-39.2157 -74.5098 15 -810.683 -741.021
-39.2157 -70.5882 15 -793.089 -721.983
-39.2157 -66.6667 15 -773.107 -702.034
-39.2157 -62.7451 15 -752.891 -682.212
-39.2157 -58.8235 15 -733.512 -658.899
-39.2157 -54.902 15 -714.518 -635.773
-39.2157 -50.9804 15 -691.761 -612.272
-39.2157 -47.0588 15 -666.717 -588.161
-39.2157 -43.1373 15 -642.901 -566.52
-39.2157 -39.2157 15 -619.966 -543.764
-39.2157 -35.2941 15 -596.623 -519.177
-39.2157 -31.3725 15 -573.573 -489.067
-39.2157 -27.451 15 -549.722 -456.925
-39.2157 -23.5294 15 -527.111 -415.131
-39.2157 -19.6078 15 -496.364 -346.529
-39.2157 -15.6863 15 -466.028 -279.726
-39.2157 -11.7647 15 -429.384 -216.164
-39.2157 -7.84314 15 -375.458 -162.342
-39.2157 -3.92157 15 -307.128 -121.131
-39.2157 0 15 -240.615 -91.5116
-39.2157 3.92157 15 -179.756 -68.7743
-39.2157 7.84314 15 -127.716 -48.649
-39.2157 11.7647 15 -87.2051 -44.9812
-39.2157 15.6863 15 -60.331 -30.7182
-39.2157 19.6078 15 -46.4381 -38.6242
-39.2157 23.5294 0 -41.4743 -75.5904
-39.2157 27.451 0 -36.6166 -112.439
-39.2157 31.3725 0 -33.8306 -156.952
-39.2157 35.2941 0 -52.4511 -209.197
-39.2157 39.2157 0 -89.567 -267.726
-39.2157 43.1373 0 -133.257 -320.813
-39.2157 47.0588 0 -183.257 -362.128
-39.2157 50.9804 0 -244.003 -395.121
-39.2157 54.902 0 -306.474 -426.593
-39.2157 58.8235 0 -349.171 -457.996
-39.2157 62.7451 0 -387.408 -487.533
-39.2157 66.6667 0 -417.4 -518.728
-39.2157 70.5882 0 -448.989 -543.809
-39.2157 74.5098 0 -480.066 -566.509
-39.2157 78.4314 0 -510.659 -590.599
-39.2157 82.3529 0 -534.837 -613.656
-39.2157 86.2745 0 -558.46 -635.899
-39.2157 90.1961 0 -581.977 -660.166
-39.2157 94.1176 0 -605.005 -683.927
-39.2157 98.0392 0 -628.649 -691.347
-35.2941 -98.0392 15 -877.953 -855.44
-35.2941 -94.1176 15 -873.688 -835.018
-35.2941 -90.1961 15 -870.453 -815.29
-35.2941 -86.2745 15 -866.862 -796.271
-35.2941 -82.3529 15 -847.071 -776.287
-35.2941 -78.4314 15 -827.251 -757.067
-35.2941 -74.5098 15 -806.812 -736.2
-35.2941 -70.5882 15 -788.137 -718.518
-35.2941 -66.6667 15 -767.899 -698.421
-35.2941 -62.7451 15 -747.486 -673.831
-35.2941 -58.8235 15 -728.152 -651.801
-35.2941 -54.902 15 -706.422 -628.384
-35.2941 -50.9804 15 -682.765 -604.115
-35.2941 -47.0588 15 -658.798 -581.613
-35.2941 -43.1373 15 -635.963 -558.92
-35.2941 -39.2157 15 -613.17 -534.878
-35.2941 -35.2941 15 -588.82 -508.158
-35.2941 -31.3725 15 -566.01 -477.846
-35.2941 -27.451 15 -542.812 -444.532
-35.2941 -23.5294 15 -515.565 -395.614
-35.2941 -19.6078 15 -485.581 -327.206
-35.2941 -15.6863 15 -455.527 -260.243
-35.2941 -11.7647 15 -415.759 -197.846
-35.2941 -7.84314 15 -355.151 -146.334
-35.2941 -3.92157 15 -287.673 -103.41
-35.2941 0 15 -221.275 -74.5141
-35.2941 3.92157 15 -162.033 -62.8817
-35.2941 7.84314 15 -110.42 -40.6221
-35.2941 11.7647 15 -76.7734 -38.5395
-35.2941 15.6863 15 -54.7926 -29.7922
-35.2941 19.6078 0 -35.1017 -43.1036
-35.2941 23.5294 0 -40.1112 -82.6997
-35.2941 27.451 0 -23.1683 -123.355
-35.2941 31.3725 0 -38.538 -167.221
-35.2941 35.2941 0 -63.0095 -224.96
-35.2941 39.2157 0 -97.4575 -286.902
-35.2941 43.1373 0 -148.451 -335.555
-35.2941 47.0588 0 -201.82 -376.17
-35.2941 50.9804 0 -262.868 -405.986
-35.2941 54.902 0 -322.257 -437.162
-35.2941 58.8235 0 -363.297 -469.698
-35.2941 62.7451 0 -397.966 -499.232
-35.2941 66.6667 0 -429.299 -527.042
-35.2941 70.5882 0 -460.408 -550.722
-35.2941 74.5098 0 -491.609 -573.831
-35.2941 78.4314 0 -517.693 -597.989
-35.2941 82.3529 0 -541.932 -620.812
-35.2941 86.2745 0 -566.276 -643.944
-35.2941 90.1961 0 -588.885 -667.744
-35.2941 94.1176 0 -612.954 -691.163
-35.2941 98.0392 0 -636.637 -699.585
-31.3725 -98.0392 15 -874.381 -850.714
-31.3725 -94.1176 15 -870.832 -831.984
-31.3725 -90.1961 15 -866.511 -811.211
-31.3725 -86.2745 15 -862.535 -792.155
-31.3725 -82.3529 15 -843.177 -772.344
-31.3725 -78.4314 15 -822.84 -753.764
-31.3725 -74.5098 15 -801.936 -732.15
-31.3725 -70.5882 15 -783.991 -714.305
-31.3725 -66.6667 15 -764.582 -690.966
-31.3725 -62.7451 15 -744.011 -667.098
-31.3725 -58.8235 15 -721.722 -643.289
-31.3725 -54.902 15 -698.772 -620.121
-31.3725 -50.9804 15 -675.145 -597.925
-31.3725 -47.0588 15 -651.972 -573.845
-31.3725 -43.1373 15 -627.313 -549.629
-31.3725 -39.2157 15 -604.397 -527.357
-31.3725 -35.2941 15 -581.942 -497.532
-31.3725 -31.3725 15 -558.875 -466.203
-31.3725 -27.451 15 -535.821 -429.569
-31.3725 -23.5294 15 -504.615 -375.217
-31.3725 -19.6078 15 -474.867 -307.653
-31.3725 -15.6863 15 -440.735 -241.059
-31.3725 -11.7647 15 -399.345 -180.114
-31.3725 -7.84314 15 -336.283 -128.148
-31.3725 -3.92157 15 -268.261 -87.504
-31.3725 0 15 -202.329 -60.655
-31.3725 3.92157 15 -143.322 -46.7851
-31.3725 7.84314 15 -96.3366 -41.8029
-31.3725 11.7647 15 -65.0587 -36.9496
-31.3725 15.6863 15 -46.877 -34.165
-31.3725 19.6078 0 -35.3358 -52.8396
-31.3725 23.5294 0 -25.2035 -89.9483
-31.3725 27.451 0 -17.9654 -133.706
-31.3725 31.3725 0 -44.9505 -183.191
-31.3725 35.2941 0 -73.2447 -243.786
-31.3725 39.2157 0 -111.106 -305.896
-31.3725 43.1373 0 -165.897 -348.956
-31.3725 47.0588 0 -220.71 -387.016
-31.3725 50.9804 0 -281.615 -416.612
-31.3725 54.902 0 -337.072 -448.047
-31.3725 58.8235 0 -377.264 -479.465
-31.3725 62.7451 0 -409.35 -510.222
-31.3725 66.6667 0 -439.383 -533.967
-31.3725 70.5882 0 -471.312 -558.733
-31.3725 74.5098 0 -502.665 -581.521
-31.3725 78.4314 0 -525.062 -605.219
-31.3725 82.3529 0 -549.748 -628.779
-31.3725 86.2745 0 -573.935 -651.839
-31.3725 90.1961 0 -596.106 -674.939
-31.3725 94.1176 0 -621.26 -699.079
-31.3725 98.0392 0 -643.819 -706.369
-27.451 -98.0392 15 -870.536 -847.803
-27.451 -94.1176 15 -866.484 -826.339
-27.451 -90.1961 15 -862.593 -807.277
-27.451 -86.2745 15 -858.392 -788.136
-27.451 -82.3529 15 -839.689 -767.592
-27.451 -78.4314 15 -818.125 -749.444
-27.451 -74.5098 15 -799.572 -729.18
-27.451 -70.5882 15 -779.87 -707.787
-27.451 -66.6667 15 -761.211 -683.417
-27.451 -62.7451 15 -737.401 -660.187
-27.451 -58.8235 15 -714.198 -637.156
-27.451 -54.902 15 -690.949 -613.219
-27.451 -50.9804 15 -668.53 -589.499
-27.451 -47.0588 15 -643.943 -565.957
-27.451 -43.1373 15 -620.195 -542.748
-27.451 -39.2157 15 -597.33 -516.019
-27.451 -35.2941 15 -574.321 -486.088
-27.451 -31.3725 15 -550.373 -455.462
-27.451 -27.451 15 -524.15 -416.094
-27.451 -23.5294 15 -493.486 -355.455
-27.451 -19.6078 15 -463.88 -288.164
-27.451 -15.6863 15 -427.371 -221.606
-27.451 -11.7647 15 -383.164 -162.349
-27.451 -7.84314 15 -316.842 -110.747
-27.451 -3.92157 15 -248.839 -77.1245
-27.451 0 15 -183.6 -55.1402
-27.451 3.92157 15 -125.063 -35.4423
-27.451 7.84314 15 -81.7008 -40.4509
-27.451 11.7647 15 -53.095 -23.5216
-27.451 15.6863 0 -36.7357 -38.8769
-27.451 19.6078 0 -32.012 -63.2741
-27.451 23.5294 0 -16.5829 -97.7972
-27.451 27.451 0 -25.3087 -148.358
-27.451 31.3725 0 -49.104 -201.632
-27.451 35.2941 0 -88.8124 -262.843
-27.451 39.2157 0 -127.939 -322.291
-27.451 43.1373 0 -183.725 -363.183
-27.451 47.0588 0 -239.764 -397.419
-27.451 50.9804 0 -300.405 -427.741
-27.451 54.902 0 -350.179 -459.21
-27.451 58.8235 0 -388.482 -491.55
-27.451 62.7451 0 -420.685 -517.583
-27.451 66.6667 0 -450.391 -541.717
-27.451 70.5882 0 -482.147 -566.309
-27.451 74.5098 0 -510.369 -588.648
-27.451 78.4314 0 -533.055 -612.935
-27.451 82.3529 0 -557.377 -637.118
-27.451 86.2745 0 -581.575 -658.933
-27.451 90.1961 0 -603.836 -683.275
-27.451 94.1176 0 -628.488 -707.297
-27.451 98.0392 0 -651.203 -713.979
-23.5294 -98.0392 15 -866.887 -843.598
-23.5294 -94.1176 15 -862.89 -822.786
-23.5294 -90.1961 15 -857.9 -803.529
-23.5294 -86.2745 15 -855.581 -783.429
-23.5294 -82.3529 15 -834.356 -763.878
-23.5294 -78.4314 15 -815.548 -745.294
-23.5294 -74.5098 15 -794.694 -722.115
-23.5294 -70.5882 15 -775.932 -698.886
-23.5294 -66.6667 15 -753.706 -675.091
-23.5294 -62.7451 15 -729.436 -652.713
-23.5294 -58.8235 15 -707.106 -628.762
-23.5294 -54.902 15 -683.161 -605.184
-23.5294 -50.9804 15 -660.182 -581.041
-23.5294 -47.0588 15 -636.023 -558.706
-23.5294 -43.1373 15 -612.631 -535.679
-23.5294 -39.2157 15 -590.106 -504.349
-23.5294 -35.2941 15 -565.794 -474.375
-23.5294 -31.3725 15 -542.084 -441.297
-23.5294 -27.451 15 -512.84 -399.222
-23.5294 -23.5294 15 -482.134 -336.827
-23.5294 -19.6078 15 -451.866 -268.801
-23.5294 -15.6863 15 -413.726 -202.905
-23.5294 -11.7647 15 -366.04 -143.748
-23.5294 -7.84314 15 -297.431 -96.713
-23.5294 -3.92157 15 -229.201 -65.4648
-23.5294 0 15 -164.929 -47.2173
-23.5294 3.92157 15 -108.427 -35.7275
-23.5294 7.84314 15 -67.6645 -25.5543
-23.5294 11.7647 15 -37.1992 -18.3075
-23.5294 15.6863 0 -22.904 -45.309
-23.5294 19.6078 0 -23.316 -73.5111
-23.5294 23.5294 0 -23.2429 -110.835
-23.5294 27.451 0 -33.4657 -165.555
-23.5294 31.3725 0 -58.4453 -220.553
-23.5294 35.2941 0 -105.192 -281.02
-23.5294 39.2157 0 -145.491 -336.288
-23.5294 43.1373 0 -201.172 -376.572
-23.5294 47.0588 0 -258.41 -408.811
-23.5294 50.9804 0 -319.049 -439.477
-23.5294 54.902 0 -363.853 -471.83
-23.5294 58.8235 0 -399.268 -502.584
-23.5294 62.7451 0 -430.97 -525.801
-23.5294 66.6667 0 -461.882 -549.045
-23.5294 70.5882 0 -493.522 -573.869
-23.5294 74.5098 0 -517.38 -595.388
-23.5294 78.4314 0 -541.095 -620.177
-23.5294 82.3529 0 -565.328 -643.811
-23.5294 86.2745 0 -589.481 -666.217
-23.5294 90.1961 0 -611.266 -690.154
-23.5294 94.1176 0 -636.565 -713.776
-23.5294 98.0392 0 -659.42 -721.907
-19.6078 -98.0392 15 -862.63 -839.762
-19.6078 -94.1176 15 -858.021 -818.767
-19.6078 -90.1961 15 -855.291 -798.883
-19.6078 -86.2745 15 -851.849 -780.074
-19.6078 -82.3529 15 -831.817 -761.04
-19.6078 -78.4314 15 -811.483 -737.778
-19.6078 -74.5098 15 -791.728 -714.851
-19.6078 -70.5882 15 -768.646 -690.09
-19.6078 -66.6667 15 -745.39 -667.619
-19.6078 -62.7451 15 -721.653 -643.659
-19.6078 -58.8235 15 -698.682 -621.215
-19.6078 -54.902 15 -676.132 -597.844
-19.6078 -50.9804 15 -652.235 -574.227
-19.6078 -47.0588 15 -628.183 -551.428
-19.6078 -43.1373 15 -604.74 -523.917
-19.6078 -39.2157 15 -582.297 -494.61
-19.6078 -35.2941 15 -558.309 -464.061
-19.6078 -31.3725 15 -531.458 -427.587
-19.6078 -27.451 15 -502.188 -382.724
-19.6078 -23.5294 15 -472.068 -316.85
-19.6078 -19.6078 15 -438.587 -248.985
-19.6078 -15.6863 15 -399.74 -183.915
-19.6078 -11.7647 15 -346.144 -125.433
-19.6078 -7.84314 15 -277.544 -82.0106
-19.6078 -3.92157 15 -209.763 -53.4375
-19.6078 0 15 -145.948 -37.0725
-19.6078 3.92157 15 -91.7991 -32.3314
-19.6078 7.84314 15 -50.2761 -16.9356
-19.6078 11.7647 15 -30.7355 -25.654
-19.6078 15.6863 0 -22.0033 -49.4283
-19.6078 19.6078 0 -11.9814 -88.5431
-19.6078 23.5294 0 -25.0042 -127.556
-19.6078 27.451 0 -46.7208 -183.266
-19.6078 31.3725 0 -71.2174 -239.264
-19.6078 35.2941 0 -120.421 -299.932
-19.6078 39.2157 0 -163.614 -349.729
-19.6078 43.1373 0 -218.577 -387.938
-19.6078 47.0588 0 -276.972 -420.169
-19.6078 50.9804 0 -338.212 -450.386
-19.6078 54.902 0 -378.117 -481.886
-19.6078 58.8235 0 -410.436 -509.962
-19.6078 62.7451 0 -443.335 -533.283
-19.6078 66.6667 0 -473.144 -557.402
-19.6078 70.5882 0 -501.271 -580.413
-19.6078 74.5098 0 -525.77 -605.123
-19.6078 78.4314 0 -548.421 -627.817
-19.6078 82.3529 0 -572.625 -650.92
-19.6078 86.2745 0 -596.995 -674.093
-19.6078 90.1961 0 -619.556 -698.312
-19.6078 94.1176 0 -643.234 -722.098
-19.6078 98.0392 0 -666.736 -730.123
-15.6863 -98.0392 15 -858.345 -835.858
-15.6863 -94.1176 15 -854.819 -814.127
-15.6863 -90.1961 15 -850.862 -795.661
-15.6863 -86.2745 15 -847.356 -775.576
-15.6863 -82.3529 15 -827.36 -752.836
-15.6863 -78.4314 15 -807.111 -730
-15.6863 -74.5098 15 -783.173 -707.238
-15.6863 -70.5882 15 -760.678 -683.4
-15.6863 -66.6667 15 -737.984 -659.983
-15.6863 -62.7451 15 -714.441 -636.063
-15.6863 -58.8235 15 -691.057 -612.682
-15.6863 -54.902 15 -668.413 -590.972
-15.6863 -50.9804 15 -643.686 -566.987
-15.6863 -47.0588 15 -621.172 -543.39
-15.6863 -43.1373 15 -597.615 -513.507
-15.6863 -39.2157 15 -574.142 -483.088
-15.6863 -35.2941 15 -551.533 -452.487
-15.6863 -31.3725 15 -521.541 -413.274
-15.6863 -27.451 15 -490.097 -366.256
-15.6863 -23.5294 15 -461.446 -297.859
-15.6863 -19.6078 15 -424.874 -229.207
-15.6863 -15.6863 15 -382.76 -165.361
-15.6863 -11.7647 15 -326.134 -108.889
-15.6863 -7.84314 15 -257.828 -67.9791
-15.6863 -3.92157 15 -190.479 -37.5486
-15.6863 0 15 -127.085 -23.2526
-15.6863 3.92157 15 -75.9102 -23.6696
-15.6863 7.84314 15 -39.2999 -23.5587
-15.6863 11.7647 0 -29.1594 -33.7544
-15.6863 15.6863 0 -25.7298 -58.161
-15.6863 19.6078 0 -17.2986 -104.875
-15.6863 23.5294 0 -26.148 -145.252
-15.6863 27.451 0 -62.5483 -201.103
-15.6863 31.3725 0 -86.3664 -257.587
-15.6863 35.2941 0 -135.914 -318.523
-15.6863 39.2157 0 -182.785 -363.721
-15.6863 43.1373 0 -236.261 -398.618
-15.6863 47.0588 0 -295.74 -431.459
-15.6863 50.9804 0 -351.93 -462.084
-15.6863 54.902 0 -389.345 -493.094
-15.6863 58.8235 0 -421.627 -517.218
-15.6863 62.7451 0 -453.208 -540.357
-15.6863 66.6667 0 -483.835 -565.574
-15.6863 70.5882 0 -508.09 -589.086
-15.6863 74.5098 0 -533.056 -611.12
-15.6863 78.4314 0 -556.695 -635.662
-15.6863 82.3529 0 -580.395 -658.929
-15.6863 86.2745 0 -604.885 -681.668
-15.6863 90.1961 0 -627.432 -705.183
-15.6863 94.1176 0 -651.482 -730.008
-15.6863 98.0392 0 -674.6 -737.592
-11.7647 -98.0392 15 -855.027 -832.137
-11.7647 -94.1176 15 -850.496 -810.655
-11.7647 -90.1961 15 -846.702 -791.098
-11.7647 -86.2745 15 -843.657 -768.624
-11.7647 -82.3529 15 -823.588 -744.668
-11.7647 -78.4314 15 -798.854 -721.882
-11.7647 -74.5098 15 -776.212 -699.562
-11.7647 -70.5882 15 -753.754 -676.267
-11.7647 -66.6667 15 -730 -652.653
-11.7647 -62.7451 15 -706.894 -628.995
-11.7647 -58.8235 15 -683.234 -605.576
-11.7647 -54.902 15 -660.663 -582.888
-11.7647 -50.9804 15 -637.521 -559.1
-11.7647 -47.0588 15 -613.237 -531.679
-11.7647 -43.1373 15 -589.621 -502.434
-11.7647 -39.2157 15 -567.259 -472.315
-11.7647 -35.2941 15 -540.311 -439.187
-11.7647 -31.3725 15 -510.031 -399.359
-11.7647 -27.451 15 -479.631 -346.501
-11.7647 -23.5294 15 -449.752 -278.404
-11.7647 -19.6078 15 -410.709 -210.36
-11.7647 -15.6863 15 -366.529 -146.343
-11.7647 -11.7647 15 -306.796 -92.1835
-11.7647 -7.84314 15 -238.51 -50.6322
-11.7647 -3.92157 15 -171.102 -31.0728
-11.7647 0 15 -109.027 -22.3197
-11.7647 3.92157 15 -57.5042 -12.3364
-11.7647 7.84314 15 -32.6929 -25.3422
-11.7647 11.7647 0 -15.6675 -46.3653
-11.7647 15.6863 0 -13.6437 -70.9105
-11.7647 19.6078 0 -27.1865 -120.148
-11.7647 23.5294 0 -34.5749 -163.339
-11.7647 27.451 0 -76.0579 -218.391
-11.7647 31.3725 0 -104.683 -276.967
-11.7647 35.2941 0 -151.923 -337.825
-11.7647 39.2157 0 -201.475 -378.21
-11.7647 43.1373 0 -254.512 -410.284
-11.7647 47.0588 0 -314.943 -442.498
-11.7647 50.9804 0 -366.219 -472.128
-11.7647 54.902 0 -400.572 -500.832
-11.7647 58.8235 0 -432.386 -525.601
-11.7647 62.7451 0 -464.981 -548.261
-11.7647 66.6667 0 -492.147 -572.051
-11.7647 70.5882 0 -516.611 -596.529
-11.7647 74.5098 0 -541.452 -619.457
-11.7647 78.4314 0 -564.579 -642.868
-11.7647 82.3529 0 -587.759 -667.811
-11.7647 86.2745 0 -611.791 -689.76
-11.7647 90.1961 0 -634.75 -713.896
-11.7647 94.1176 0 -659.316 -737.08
-11.7647 98.0392 0 -682.35 -745.212
-7.84314 -98.0392 15 -850.681 -827.382
-7.84314 -94.1176 15 -846.755 -807.917
-7.84314 -90.1961 15 -842.616 -784.385
-7.84314 -86.2745 15 -839.01 -760.474
-7.84314 -82.3529 15 -816.515 -738.097
-7.84314 -78.4314 15 -792.044 -714.736
-7.84314 -74.5098 15 -768.596 -691.177
-7.84314 -70.5882 15 -745.672 -668.708
-7.84314 -66.6667 15 -721.367 -643.788
-7.84314 -62.7451 15 -699.088 -621.54
-7.84314 -58.8235 15 -676.009 -597.837
-7.84314 -54.902 15 -652.113 -574.681
-7.84314 -50.9804 15 -629.124 -551.282
-7.84314 -47.0588 15 -605.87 -522.252
-7.84314 -43.1373 15 -581.985 -490.752
-7.84314 -39.2157 15 -558.786 -461.745
-7.84314 -35.2941 15 -528.763 -425.639
-7.84314 -31.3725 15 -498.115 -383.568
-7.84314 -27.451 15 -468.956 -326.203
-7.84314 -23.5294 15 -435.988 -258.222
-7.84314 -19.6078 15 -396.186 -190.834
-7.84314 -15.6863 15 -351.693 -127.377
-7.84314 -11.7647 15 -287.788 -76.2244
-7.84314 -7.84314 15 -218.964 -39.6387
-7.84314 -3.92157 15 -152.104 -29.5082
-7.84314 0 15 -90.9729 -26.0339
-7.84314 3.92157 15 -43.1125 -17.6162
-7.84314 7.84314 0 -17.7348 -25.806
-7.84314 11.7647 0 -9.85368 -62.1532
-7.84314 15.6863 0 -11.2539 -86.0535
-7.84314 19.6078 0 -35.5397 -135.686
-7.84314 23.5294 0 -51.0164 -182.366
-7.84314 27.451 0 -88.6486 -235.965
-7.84314 31.3725 0 -123.509 -295.715
-7.84314 35.2941 0 -167.477 -351.642
-7.84314 39.2157 0 -219.286 -389.304
-7.84314 43.1373 0 -272.969 -420.875
-7.84314 47.0588 0 -333.42 -453.716
-7.84314 50.9804 0 -379.608 -483.619
-7.84314 54.902 0 -410.541 -508.119
-7.84314 58.8235 0 -443.784 -532.607
-7.84314 62.7451 0 -475.388 -556.101
-7.84314 66.6667 0 -499.07 -580.243
-7.84314 70.5882 0 -524.289 -604.868
-7.84314 74.5098 0 -548.22 -627.34
-7.84314 78.4314 0 -572.025 -651.67
-7.84314 82.3529 0 -596.311 -674.291
-7.84314 86.2745 0 -619.383 -697.559
-7.84314 90.1961 0 -642.072 -720.79
-7.84314 94.1176 0 -666.342 -746.007
-7.84314 98.0392 0 -689.647 -753.548
-3.92157 -98.0392 15 -846.825 -823.738
-3.92157 -94.1176 15 -842.499 -799.569
-3.92157 -90.1961 15 -838.64 -775.425
-3.92157 -86.2745 15 -830.078 -753.859
-3.92157 -82.3529 15 -808.425 -730.245
-3.92157 -78.4314 15 -784.073 -706.087
-3.92157 -74.5098 15 -760.954 -684.237
-3.92157 -70.5882 15 -737.834 -660.458
-3.92157 -66.6667 15 -714.548 -636.507
-3.92157 -62.7451 15 -690.557 -613.232
-3.92157 -58.8235 15 -668.086 -589.522
-3.92157 -54.902 15 -646.522 -567.254
-3.92157 -50.9804 15 -621.322 -540.743
-3.92157 -47.0588 15 -598.842 -510.449
-3.92157 -43.1373 15 -574.361 -479.503
-3.92157 -39.2157 15 -547.014 -451.052
-3.92157 -35.2941 15 -517.656 -411.536
-3.92157 -31.3725 15 -487.41 -366.833
-3.92157 -27.451 15 -457.976 -307.128
-3.92157 -23.5294 15 -422.437 -238.643
-3.92157 -19.6078 15 -383.14 -171.659
-3.92157 -15.6863 15 -332.851 -109.44
-3.92157 -11.7647 15 -267.639 -57.8502
-3.92157 -7.84314 15 -199.213 -33.045
-3.92157 -3.92157 15 -132.84 -16.0246
-3.92157 0 15 -73.5972 -13.9861
-3.92157 3.92157 15 -32.1961 -26.8588
-3.92157 7.84314 0 -9.12693 -34.227
-3.92157 11.7647 0 -22.9759 -75.7312
-3.92157 15.6863 0 -25.0243 -104.419
-3.92157 19.6078 0 -47.2747 -151.462
-3.92157 23.5294 0 -68.354 -201.131
-3.92157 27.451 0 -101.372 -254.16
-3.92157 31.3725 0 -141.915 -314.621
-3.92157 35.2941 0 -183.105 -366.07
-3.92157 39.2157 0 -237.233 -400.471
-3.92157 43.1373 0 -291.395 -431.855
-3.92157 47.0588 0 -352.244 -464.157
-3.92157 50.9804 0 -391.245 -491.215
-3.92157 54.902 0 -422.935 -516.232
-3.92157 58.8235 0 -455.072 -540.45
-3.92157 62.7451 0 -483.142 -563.661
-3.92157 66.6667 0 -506.553 -587.549
-3.92157 70.5882 0 -531.625 -611.878
-3.92157 74.5098 0 -556.111 -634.888
-3.92157 78.4314 0 -579.284 -658.543
-3.92157 82.3529 0 -603.702 -681.666
-3.92157 86.2745 0 -627.333 -705.266
-3.92157 90.1961 0 -650.285 -728.115
-3.92157 94.1176 0 -674.344 -752.156
-3.92157 98.0392 0 -696.946 -759.909
0 -98.0392 15 -842.87 -815.98
0 -94.1176 15 -839.352 -792.995
0 -90.1961 15 -831.053 -768.785
0 -86.2745 15 -823.095 -745.315
0 -82.3529 15 -801.421 -721.318
0 -78.4314 15 -776.062 -699.317
0 -74.5098 15 -753.08 -675.337
0 -70.5882 15 -730.715 -652.742
0 -66.6667 15 -706.841 -629.224
0 -62.7451 15 -683.371 -605.806
0 -58.8235 15 -661.102 -582.481
0 -54.902 15 -638.428 -559.786
0 -50.9804 15 -613.905 -529.48
0 -47.0588 15 -592.21 -497.679
0 -43.1373 15 -566.206 -468.847
0 -39.2157 15 -536.488 -436.883
0 -35.2941 15 -506.542 -396.129
0 -31.3725 15 -477.484 -351.672
0 -27.451 15 -446.739 -287.702
0 -23.5294 15 -407.601 -219.175
0 -19.6078 15 -366.857 -152.493
0 -15.6863 15 -316.357 -91.3365
0 -11.7647 15 -248.058 -43.4485
0 -7.84314 15 -179.812 -18.0892
0 -3.92157 15 -113.539 -10.1921
0 0 15 -54.6168 -10.9113
0 3.92157 0 -15.8772 -35.2234
0 7.84314 0 -20.9296 -50.666
0 11.7647 0 -30.3026 -88.2896
0 15.6863 0 -39.0326 -123.055
0 19.6078 0 -57.6448 -167.271
0 23.5294 0 -85.231 -219.028
0 27.451 0 -114.249 -272.476
0 31.3725 0 -159.334 -333.022
0 35.2941 0 -199.939 -379.649
0 39.2157 0 -255.142 -410.725
0 43.1373 0 -309.765 -442.887
0 47.0588 0 -366.305 -475.73
0 50.9804 0 -402.236 -498.591
0 54.902 0 -433.107 -523.53
0 58.8235 0 -465.823 -547.284
0 62.7451 0 -491.126 -571.468
0 66.6667 0 -514.946 -595.341
0 70.5882 0 -539.138 -619.632
0 74.5098 0 -563.29 -641.795
0 78.4314 0 -586.313 -666.363
0 82.3529 0 -610.935 -690.987
0 86.2745 0 -634.62 -711.739
0 90.1961 0 -657.725 -736.912
0 94.1176 0 -682.607 -760.378
0 98.0392 0 -704.725 -764.251
3.92157 -98.0392 15 -839.762 -808.205
3.92157 -94.1176 15 -831.121 -784.879
3.92157 -90.1961 15 -823.6 -761.26
3.92157 -86.2745 15 -814.685 -738.627
3.92157 -82.3529 15 -792.415 -714.469
3.92157 -78.4314 15 -769.644 -691.179
3.92157 -74.5098 15 -744.606 -668.183
3.92157 -70.5882 15 -722.349 -645.83
3.92157 -66.6667 15 -699.341 -622.644
3.92157 -62.7451 15 -676.149 -598.663
3.92157 -58.8235 15 -653.169 -574.885
3.92157 -54.902 15 -629.772 -547.794
3.92157 -50.9804 15 -606.785 -517.459
3.92157 -47.0588 15 -583.881 -487.454
3.92157 -43.1373 15 -556.195 -457.666
3.92157 -39.2157 15 -525.815 -422.933
3.92157 -35.2941 15 -495.775 -382.838
3.92157 -31.3725 15 -465.434 -333.349
3.92157 -27.451 15 -433.826 -268.373
3.92157 -23.5294 15 -394.176 -199.545
3.92157 -19.6078 15 -351.071 -133.055
3.92157 -15.6863 15 -297.838 -73.9764
3.92157 -11.7647 15 -228.906 -32.5576
3.92157 -7.84314 15 -160.439 -9.47229
3.92157 -3.92157 15 -94.7192 -22.6416
3.92157 0 15 -37.9656 -24.6865
3.92157 3.92157 0 -10.3575 -46.9514
3.92157 7.84314 0 -30.4711 -67.9758
3.92157 11.7647 0 -27.1329 -101.095
3.92157 15.6863 0 -51.4982 -141.612
3.92157 19.6078 0 -64.5808 -182.84
3.92157 23.5294 0 -102.028 -236.804
3.92157 27.451 0 -126.874 -291.107
3.92157 31.3725 0 -175.606 -352.187
3.92157 35.2941 0 -217.379 -390.852
3.92157 39.2157 0 -272.997 -422.418
3.92157 43.1373 0 -328.505 -454.614
3.92157 47.0588 0 -380.016 -483.005
3.92157 50.9804 0 -412.713 -506.558
3.92157 54.902 0 -444.503 -531.577
3.92157 58.8235 0 -473.571 -555.103
3.92157 62.7451 0 -498.371 -578.636
3.92157 66.6667 0 -522.111 -602.723
3.92157 70.5882 0 -546.998 -626.833
3.92157 74.5098 0 -570.991 -649.939
3.92157 78.4314 0 -593.933 -674.603
3.92157 82.3529 0 -619.752 -696.627
3.92157 86.2745 0 -641.929 -720.002
3.92157 90.1961 0 -665.939 -743.725
3.92157 94.1176 0 -689.909 -765.457
3.92157 98.0392 0 -713.093 -767.446
7.84314 -98.0392 15 -831.955 -801.824
7.84314 -94.1176 15 -823.212 -776.941
7.84314 -90.1961 15 -815.943 -753.374
7.84314 -86.2745 15 -809.358 -730.208
7.84314 -82.3529 15 -784.194 -707.945
7.84314 -78.4314 15 -761.503 -683.593
7.84314 -74.5098 15 -738.334 -660.552
7.84314 -70.5882 15 -714.3 -638.765
7.84314 -66.6667 15 -691.678 -614.687
7.84314 -62.7451 15 -668.61 -591.388
7.84314 -58.8235 15 -644.976 -567.159
7.84314 -54.902 15 -622.573 -536.916
7.84314 -50.9804 15 -598.59 -506.533
7.84314 -47.0588 15 -575.184 -477.76
7.84314 -43.1373 15 -544.784 -447.171
7.84314 -39.2157 15 -513.702 -407.537
7.84314 -35.2941 15 -483.819 -366.67
7.84314 -31.3725 15 -454.105 -316.213
7.84314 -27.451 15 -419.324 -248.826
7.84314 -23.5294 15 -379.807 -180.088
7.84314 -19.6078 15 -335.215 -113.786
7.84314 -15.6863 15 -278.2 -54.9566
7.84314 -11.7647 15 -209.167 -16.2296
7.84314 -7.84314 15 -140.948 -20.592
7.84314 -3.92157 15 -75.8677 -29.9554
7.84314 0 0 -29.5914 -38.7153
7.84314 3.92157 0 -22.7927 -57.2783
7.84314 7.84314 0 -33.5712 -84.8378
7.84314 11.7647 0 -30.9884 -113.995
7.84314 15.6863 0 -65.5471 -159.022
7.84314 19.6078 0 -73.1581 -199.705
7.84314 23.5294 0 -117.013 -255.085
7.84314 27.451 0 -141.599 -309.615
7.84314 31.3725 0 -191.36 -365.783
7.84314 35.2941 0 -234.943 -402.062
7.84314 39.2157 0 -290.838 -432.735
7.84314 43.1373 0 -347.245 -465.328
7.84314 47.0588 0 -391.326 -490.826
7.84314 50.9804 0 -424.505 -514.018
7.84314 54.902 0 -455.345 -538.84
7.84314 58.8235 0 -480.956 -563.431
7.84314 62.7451 0 -506.44 -586.353
7.84314 66.6667 0 -530.019 -610.838
7.84314 70.5882 0 -554.952 -634.723
7.84314 74.5098 0 -578.825 -657.659
7.84314 78.4314 0 -602.343 -681.759
7.84314 82.3529 0 -626.242 -705.16
7.84314 86.2745 0 -650.167 -727.312
7.84314 90.1961 0 -673.383 -747.713
7.84314 94.1176 0 -696.741 -767.884
7.84314 98.0392 0 -717.397 -772.51
11.7647 -98.0392 15 -823.325 -792.107
11.7647 -94.1176 15 -815.735 -768.292
11.7647 -90.1961 15 -808.211 -745.722
11.7647 -86.2745 15 -800.192 -722.636
11.7647 -82.3529 15 -777.82 -698.882
11.7647 -78.4314 15 -753.72 -676.493
11.7647 -74.5098 15 -730.205 -652.849
11.7647 -70.5882 15 -706.84 -630.487
11.7647 -66.6667 15 -683.36 -607.398
11.7647 -62.7451 15 -660.262 -583.645
11.7647 -58.8235 15 -638.349 -556.569
11.7647 -54.902 15 -613.75 -524.958
11.7647 -50.9804 15 -590.853 -496.154
11.7647 -47.0588 15 -563.78 -465.45
11.7647 -43.1373 15 -533.612 -433.267
11.7647 -39.2157 15 -503.707 -394.602
11.7647 -35.2941 15 -474.156 -351.117
11.7647 -31.3725 15 -443.006 -298.483
11.7647 -27.451 15 -404.22 -229.183
11.7647 -23.5294 15 -366.063 -160.765
11.7647 -19.6078 15 -319.094 -95.0278
11.7647 -15.6863 15 -257.562 -38.3313
11.7647 -11.7647 15 -189.361 -10.0217
11.7647 -7.84314 15 -121.345 -30.1135
11.7647 -3.92157 15 -63.2563 -26.7674
11.7647 0 0 -19.8132 -51.1622
11.7647 3.92157 0 -34.6143 -64.187
11.7647 7.84314 0 -41.8551 -101.689
11.7647 11.7647 0 -46.0886 -126.595
11.7647 15.6863 0 -77.2218 -175.277
11.7647 19.6078 0 -85.3929 -216.999
11.7647 23.5294 0 -130.285 -272.624
11.7647 27.451 0 -157.135 -328.332
11.7647 31.3725 0 -207.978 -379.478
11.7647 35.2941 0 -252.887 -412.559
11.7647 39.2157 0 -308.655 -444.434
11.7647 43.1373 0 -365.81 -473.114
11.7647 47.0588 0 -402.291 -498.032
11.7647 50.9804 0 -435.313 -522.316
11.7647 54.902 0 -463.163 -546.719
11.7647 58.8235 0 -488.437 -570.654
11.7647 62.7451 0 -513.116 -594.519
11.7647 66.6667 0 -537.141 -618.933
11.7647 70.5882 0 -562.333 -642.404
11.7647 74.5098 0 -586.517 -664.969
11.7647 78.4314 0 -609.873 -689.494
11.7647 82.3529 0 -634.315 -712.975
11.7647 86.2745 0 -658.135 -732.589
11.7647 90.1961 0 -680.579 -751.514
11.7647 94.1176 0 -700.436 -771.76
11.7647 98.0392 0 -721.089 -775.783
15.6863 -98.0392 15 -815.492 -785.103
15.6863 -94.1176 15 -808.779 -761.014
15.6863 -90.1961 15 -799.948 -738.792
15.6863 -86.2745 15 -793.212 -714.702
15.6863 -82.3529 15 -769.309 -691.751
15.6863 -78.4314 15 -745.401 -668.771
15.6863 -74.5098 15 -721.446 -645.351
15.6863 -70.5882 15 -699.199 -622.007
15.6863 -66.6667 15 -676.797 -599.086
15.6863 -62.7451 15 -653.557 -575.539
15.6863 -58.8235 15 -630.801 -545.962
15.6863 -54.902 15 -607.004 -514.115
15.6863 -50.9804 15 -583.517 -484.715
15.6863 -47.0588 15 -553.018 -454.439
15.6863 -43.1373 15 -523.175 -419.75
15.6863 -39.2157 15 -492.498 -379.973
15.6863 -35.2941 15 -462.53 -335.499
15.6863 -31.3725 15 -429.194 -278.537
15.6863 -27.451 15 -391.125 -209.515
15.6863 -23.5294 15 -349.596 -141.232
15.6863 -19.6078 15 -300.729 -76.2735
15.6863 -15.6863 15 -238.872 -29.2354
15.6863 -11.7647 15 -170.005 -22.4473
15.6863 -7.84314 15 -107.891 -33.2376
15.6863 -3.92157 15 -51.7914 -30.6447
15.6863 0 0 -18.708 -65.2462
15.6863 3.92157 0 -43.0044 -72.7979
15.6863 7.84314 0 -51.9084 -116.598
15.6863 11.7647 0 -62.0278 -141.244
15.6863 15.6863 0 -87.1776 -190.927
15.6863 19.6078 0 -102.923 -234.531
15.6863 23.5294 0 -144.07 -290.383
15.6863 27.451 0 -174.243 -346.614
15.6863 31.3725 0 -223.967 -390.849
15.6863 35.2941 0 -271.258 -424.003
15.6863 39.2157 0 -325.975 -454.992
15.6863 43.1373 0 -380.159 -480.874
15.6863 47.0588 0 -412.987 -506.118
15.6863 50.9804 0 -446.822 -530.103
15.6863 54.902 0 -470.639 -554.227
15.6863 58.8235 0 -496.197 -578.4
15.6863 62.7451 0 -521.015 -601.71
15.6863 66.6667 0 -544.897 -626.119
15.6863 70.5882 0 -569.617 -649.971
15.6863 74.5098 0 -594.435 -673.028
15.6863 78.4314 0 -616.51 -695.966
15.6863 82.3529 0 -641.465 -717.371
15.6863 86.2745 0 -665.066 -735.797
15.6863 90.1961 0 -684.753 -755.245
15.6863 94.1176 0 -704.732 -775.728
15.6863 98.0392 0 -725.392 -779.3
19.6078 -98.0392 15 -807.82 -777.973
19.6078 -94.1176 15 -801.493 -753.774
19.6078 -90.1961 15 -791.969 -731.533
19.6078 -86.2745 15 -785.213 -706.796
19.6078 -82.3529 15 -762.016 -684.248
19.6078 -78.4314 15 -737.735 -660.002
19.6078 -74.5098 15 -714.136 -638.237
19.6078 -70.5882 15 -692.674 -614.752
19.6078 -66.6667 15 -669.409 -590.831
19.6078 -62.7451 15 -644.353 -564.07
19.6078 -58.8235 15 -622.216 -534.923
19.6078 -54.902 15 -600.137 -504.291
19.6078 -50.9804 15 -572.309 -474.465
19.6078 -47.0588 15 -542.257 -443.7
19.6078 -43.1373 15 -512.309 -404.751
19.6078 -39.2157 15 -481.21 -365.86
19.6078 -35.2941 15 -450.86 -319.66
19.6078 -31.3725 15 -415.806 -257.77
19.6078 -27.451 15 -378.115 -189.325
19.6078 -23.5294 15 -333.885 -121.86
19.6078 -19.6078 15 -282.589 -62.8967
19.6078 -15.6863 15 -219.411 -19.4699
19.6078 -11.7647 15 -156.18 -34.2957
19.6078 -7.84314 15 -96.3149 -41.5026
19.6078 -3.92157 0 -41.5492 -45.7582
19.6078 0 0 -32.4855 -76.9293
19.6078 3.92157 0 -54.7245 -85.0381
19.6078 7.84314 0 -53.5979 -130.031
19.6078 11.7647 0 -77.2047 -156.926
19.6078 15.6863 0 -97.2426 -207.634
19.6078 19.6078 0 -121.021 -252.453
19.6078 23.5294 0 -157.429 -308.193
19.6078 27.451 0 -192.829 -365.141
19.6078 31.3725 0 -239.484 -401.995
19.6078 35.2941 0 -289.194 -434.448
19.6078 39.2157 0 -344.139 -462.583
19.6078 43.1373 0 -391.326 -488.081
19.6078 47.0588 0 -424.169 -513.447
19.6078 50.9804 0 -454.124 -537.082
19.6078 54.902 0 -478.138 -562.551
19.6078 58.8235 0 -503.654 -586.656
19.6078 62.7451 0 -529.208 -609.364
19.6078 66.6667 0 -552.76 -633.233
19.6078 70.5882 0 -577.043 -658.002
19.6078 74.5098 0 -601.308 -679.906
19.6078 78.4314 0 -624.817 -700.664
19.6078 82.3529 0 -648.969 -721.012
19.6078 86.2745 0 -669.344 -739.298
19.6078 90.1961 0 -687.706 -759.359
19.6078 94.1176 0 -708.795 -779.927
19.6078 98.0392 0 -728.914 -783.765
23.5294 -98.0392 15 -800.686 -770.3
23.5294 -94.1176 15 -793.367 -747.449
23.5294 -90.1961 15 -784.841 -721.778
23.5294 -86.2745 15 -777.411 -699.709
23.5294 -82.3529 15 -754.146 -675.954
23.5294 -78.4314 15 -730.514 -654.84
23.5294 -74.5098 15 -707.934 -630.253
23.5294 -70.5882 15 -685.157 -608.773
23.5294 -66.6667 15 -660.782 -584.6
23.5294 -62.7451 15 -638 -552.951
23.5294 -58.8235 15 -614.579 -523.368
23.5294 -54.902 15 -591.466 -492.875
23.5294 -50.9804 15 -560.749 -462.776
23.5294 -47.0588 15 -531.516 -430.018
23.5294 -43.1373 15 -500.005 -391.682
23.5294 -39.2157 15 -470.697 -351.074
23.5294 -35.2941 15 -440.564 -301.253
23.5294 -31.3725 15 -401.284 -238.42
23.5294 -27.451 15 -363.314 -170.223
23.5294 -23.5294 15 -318.265 -107.441
23.5294 -19.6078 15 -266.257 -51.4262
23.5294 -15.6863 15 -204.712 -18.3793
23.5294 -11.7647 15 -144.413 -42.693
23.5294 -7.84314 15 -84.766 -51.5484
23.5294 -3.92157 0 -37.7459 -61.715
23.5294 0 0 -46.5479 -86.8415
23.5294 3.92157 0 -64.9959 -102.511
23.5294 7.84314 0 -56.6978 -143.64
23.5294 11.7647 0 -92.8348 -173.834
23.5294 15.6863 0 -106.751 -223.435
23.5294 19.6078 0 -138.884 -270.814
23.5294 23.5294 0 -170.529 -325.661
23.5294 27.451 0 -211.338 -379.552
23.5294 31.3725 0 -255.261 -412.871
23.5294 35.2941 0 -307.665 -446.634
23.5294 39.2157 0 -362.221 -470.8
23.5294 43.1373 0 -401.934 -495.354
23.5294 47.0588 0 -435.647 -521.295
23.5294 50.9804 0 -461.57 -545.049
23.5294 54.902 0 -485.876 -568.973
23.5294 58.8235 0 -511.666 -593.329
23.5294 62.7451 0 -536.817 -616.366
23.5294 66.6667 0 -560.27 -641.269
23.5294 70.5882 0 -585.767 -665.976
23.5294 74.5098 0 -608.608 -683.753
23.5294 78.4314 0 -632.765 -704.77
23.5294 82.3529 0 -653.464 -724.715
23.5294 86.2745 0 -673.585 -742.638
23.5294 90.1961 0 -692.444 -763.803
23.5294 94.1176 0 -712.034 -784.33
23.5294 98.0392 0 -732.851 -787.613
27.451 -98.0392 15 -793.917 -761.385
27.451 -94.1176 15 -783.206 -738.2
27.451 -90.1961 15 -777.615 -716.246
27.451 -86.2745 15 -769.66 -692.594
27.451 -82.3529 15 -745.804 -670.087
27.451 -78.4314 15 -723.28 -645.54
27.451 -74.5098 15 -699.806 -623.299
27.451 -70.5882 15 -676.513 -599.402
27.451 -66.6667 15 -653.911 -571.749
27.451 -62.7451 15 -630.499 -542.381
27.451 -58.8235 15 -606.971 -513.075
27.451 -54.902 15 -579.856 -481.977
27.451 -50.9804 15 -550.017 -452.394
27.451 -47.0588 15 -519.895 -416.106
27.451 -43.1373 15 -489.306 -377.556
27.451 -39.2157 15 -459.258 -334.301
27.451 -35.2941 15 -425.909 -283.137
27.451 -31.3725 15 -386.95 -219.475
27.451 -27.451 15 -349.783 -155.616
27.451 -23.5294 15 -301.089 -95.7676
27.451 -19.6078 15 -252.824 -41.2131
27.451 -15.6863 15 -193.978 -32.138
27.451 -11.7647 15 -132.514 -54.3689
27.451 -7.84314 15 -73.399 -53.1931
27.451 -3.92157 0 -34.5986 -76.8633
27.451 0 0 -58.9537 -96.941
27.451 3.92157 0 -71.4131 -120.68
27.451 7.84314 0 -65.1281 -157.067
27.451 11.7647 0 -106.075 -192.592
27.451 15.6863 0 -115.127 -239.06
27.451 19.6078 0 -155.916 -288.718
27.451 23.5294 0 -183.207 -343.684
27.451 27.451 0 -228.795 -390.662
27.451 31.3725 0 -272.093 -424.108
27.451 35.2941 0 -326.598 -453.769
27.451 39.2157 0 -381.297 -477.577
27.451 43.1373 0 -412.942 -503.079
27.451 47.0588 0 -442.649 -528.207
27.451 50.9804 0 -469.236 -552.59
27.451 54.902 0 -493.618 -576.94
27.451 58.8235 0 -519.836 -601.002
27.451 62.7451 0 -543.898 -624.114
27.451 66.6667 0 -568.191 -649.46
27.451 70.5882 0 -592.785 -668.714
27.451 74.5098 0 -617.781 -688.102
27.451 78.4314 0 -637.082 -707.94
27.451 82.3529 0 -657.239 -728.702
27.451 86.2745 0 -677.315 -746.879
27.451 90.1961 0 -695.905 -767.408
27.451 94.1176 0 -716.176 -787.465
27.451 98.0392 0 -736.911 -791.437
31.3725 -98.0392 15 -784.52 -754.536
31.3725 -94.1176 15 -777.353 -730.729
31.3725 -90.1961 15 -769.689 -707.883
31.3725 -86.2745 15 -763.524 -685.348
31.3725 -82.3529 15 -739.986 -661.156
31.3725 -78.4314 15 -715.516 -637.124
31.3725 -74.5098 15 -691.474 -614.455
31.3725 -70.5882 15 -668.614 -592.045
31.3725 -66.6667 15 -645.015 -561.75
31.3725 -62.7451 15 -621.974 -530.831
31.3725 -58.8235 15 -598.536 -501.242
31.3725 -54.902 15 -570.158 -471.01
31.3725 -50.9804 15 -539.599 -441.104
31.3725 -47.0588 15 -508.892 -402.335
31.3725 -43.1373 15 -478.143 -363.934
31.3725 -39.2157 15 -447.953 -318.847
31.3725 -35.2941 15 -412.43 -266.256
31.3725 -31.3725 15 -374.147 -204.85
31.3725 -27.451 15 -333.19 -144.145
31.3725 -23.5294 15 -291.557 -84.4321
31.3725 -19.6078 15 -242.012 -37.3636
31.3725 -15.6863 15 -182.339 -46.196
31.3725 -11.7647 15 -121.109 -64.647
31.3725 -7.84314 15 -67.0037 -56.3598
31.3725 -3.92157 0 -38.4679 -92.5851
31.3725 0 0 -73.0227 -106.339
31.3725 3.92157 0 -78.7295 -138.516
31.3725 7.84314 0 -81.5292 -170.221
31.3725 11.7647 0 -117.752 -210.975
31.3725 15.6863 0 -126.44 -254.829
31.3725 19.6078 0 -170.914 -307.367
31.3725 23.5294 0 -197.792 -362.367
31.3725 27.451 0 -246.271 -401.571
31.3725 31.3725 0 -289.461 -435.159
31.3725 35.2941 0 -344.471 -460.937
31.3725 39.2157 0 -392.563 -485.832
31.3725 43.1373 0 -424.545 -511.139
31.3725 47.0588 0 -451.254 -536.013
31.3725 50.9804 0 -477.249 -560.407
31.3725 54.902 0 -501.091 -585.397
31.3725 58.8235 0 -526.576 -609.163
31.3725 62.7451 0 -551.889 -632.732
31.3725 66.6667 0 -575.124 -653.407
31.3725 70.5882 0 -600.505 -672.299
31.3725 74.5098 0 -621.009 -692.174
31.3725 78.4314 0 -640.835 -712.619
31.3725 82.3529 0 -661.117 -732.42
31.3725 86.2745 0 -681.325 -750.373
31.3725 90.1961 0 -700.144 -771.084
31.3725 94.1176 0 -720.47 -791.877
31.3725 98.0392 0 -741.106 -794.632
35.2941 -98.0392 15 -777.786 -747.988
35.2941 -94.1176 15 -770.291 -723.366
35.2941 -90.1961 15 -763.549 -700.553
35.2941 -86.2745 15 -754.438 -677.362
35.2941 -82.3529 15 -730.605 -653.513
35.2941 -78.4314 15 -707.773 -630.772
35.2941 -74.5098 15 -683.872 -607.256
35.2941 -70.5882 15 -661.678 -581.288
35.2941 -66.6667 15 -638.101 -550.332
35.2941 -62.7451 15 -614.342 -519.486
35.2941 -58.8235 15 -588.773 -489.494
35.2941 -54.902 15 -559.021 -460.11
35.2941 -50.9804 15 -526.911 -426.488
35.2941 -47.0588 15 -497.153 -387.201
35.2941 -43.1373 15 -468.768 -349.763
35.2941 -39.2157 15 -437.108 -301.317
35.2941 -35.2941 15 -398.978 -252.869
35.2941 -31.3725 15 -359.235 -193.183
35.2941 -27.451 15 -322.134 -132.48
35.2941 -23.5294 15 -281.646 -73.1449
35.2941 -19.6078 15 -231.558 -34.2301
35.2941 -15.6863 15 -170.097 -58.5962
35.2941 -11.7647 15 -109.245 -71.0686
35.2941 -7.84314 0 -62.7633 -64.7851
35.2941 -3.92157 0 -53.6027 -105.755
35.2941 0 0 -84.5412 -114.788
35.2941 3.92157 0 -85.3619 -155.5
35.2941 7.84314 0 -98.7945 -182.87
35.2941 11.7647 0 -129.44 -228.508
35.2941 15.6863 0 -139.182 -271.775
35.2941 19.6078 0 -185.279 -325.917
35.2941 23.5294 0 -213.259 -380.802
35.2941 27.451 0 -263.218 -412.653
35.2941 31.3725 0 -306.79 -442.449
35.2941 35.2941 0 -362.27 -468.843
35.2941 39.2157 0 -403.286 -493.359
35.2941 43.1373 0 -431.841 -518.795
35.2941 47.0588 0 -458.49 -543.79
35.2941 50.9804 0 -484.434 -567.892
35.2941 54.902 0 -508.694 -592.634
35.2941 58.8235 0 -534.13 -617.347
35.2941 62.7451 0 -559.838 -636.698
35.2941 66.6667 0 -582.511 -657.093
35.2941 70.5882 0 -604.867 -676.73
35.2941 74.5098 0 -625.102 -695.232
35.2941 78.4314 0 -644.344 -716.037
35.2941 82.3529 0 -665.213 -736.226
35.2941 86.2745 0 -685.359 -754.1
35.2941 90.1961 0 -703.297 -775.184
35.2941 94.1176 0 -724.358 -795.705
35.2941 98.0392 0 -744.332 -799.349
39.2157 -98.0392 15 -771.036 -739.946
39.2157 -94.1176 15 -763.669 -716.74
39.2157 -90.1961 15 -754.836 -692.144
39.2157 -86.2745 15 -746.775 -668.805
39.2157 -82.3529 15 -723.411 -645.369
39.2157 -78.4314 15 -700.17 -622.436
39.2157 -74.5098 15 -678.015 -600.019
39.2157 -70.5882 15 -653.801 -570.424
39.2157 -66.6667 15 -629.826 -539.333
39.2157 -62.7451 15 -607.954 -509.17
39.2157 -58.8235 15 -576.664 -480.484
39.2157 -54.902 15 -546.159 -449.129
39.2157 -50.9804 15 -517.356 -413.171
39.2157 -47.0588 15 -486.598 -374.8
39.2157 -43.1373 15 -455.853 -333.251
39.2157 -39.2157 15 -424.27 -290.567
39.2157 -35.2941 15 -383.552 -241.395
39.2157 -31.3725 15 -352.233 -181.532
39.2157 -27.451 15 -314.628 -120.592
39.2157 -23.5294 15 -271.955 -66.6684
39.2157 -19.6078 15 -219.318 -38.1184
39.2157 -15.6863 15 -157.98 -72.622
39.2157 -11.7647 15 -102.409 -78.3326
39.2157 -7.84314 0 -59.3383 -81.1943
39.2157 -3.92157 0 -69.4727 -117.536
39.2157 0 0 -94.2223 -126.146
39.2157 3.92157 0 -88.2 -170.738
39.2157 7.84314 0 -115.68 -197.373
39.2157 11.7647 0 -140.34 -245.653
39.2157 15.6863 0 -154.201 -289.135
39.2157 19.6078 0 -200.013 -344.08
39.2157 23.5294 0 -228.819 -392.039
39.2157 27.451 0 -279.537 -423.847
39.2157 31.3725 0 -324.393 -450.259
39.2157 35.2941 0 -380.687 -477.131
39.2157 39.2157 0 -414.402 -500.767
39.2157 43.1373 0 -439.185 -526.223
39.2157 47.0588 0 -466.144 -551.596
39.2157 50.9804 0 -492.39 -575.635
39.2157 54.902 0 -516.619 -599.962
39.2157 58.8235 0 -542.218 -620.807
39.2157 62.7451 0 -567.236 -639.999
39.2157 66.6667 0 -586.406 -660.498
39.2157 70.5882 0 -607.836 -680.686
39.2157 74.5098 0 -628.799 -700.027
39.2157 78.4314 0 -648.479 -720.226
39.2157 82.3529 0 -669.203 -739.721
39.2157 86.2745 0 -688.896 -759.046
39.2157 90.1961 0 -707.085 -779.43
39.2157 94.1176 0 -727.894 -799.139
39.2157 98.0392 0 -747.922 -803.426
43.1373 -98.0392 15 -763.305 -732.731
43.1373 -94.1176 15 -754.707 -708.813
43.1373 -90.1961 15 -748.1 -683.666
43.1373 -86.2745 15 -739.785 -661.465
43.1373 -82.3529 15 -715.456 -637.374
43.1373 -78.4314 15 -692.68 -613.774
43.1373 -74.5098 15 -668.768 -590.431
43.1373 -70.5882 15 -646.103 -558.87
43.1373 -66.6667 15 -623.486 -527.792
43.1373 -62.7451 15 -596.607 -498.429
43.1373 -58.8235 15 -565.535 -469.061
43.1373 -54.902 15 -536.272 -437.311
43.1373 -50.9804 15 -505.756 -398.537
43.1373 -47.0588 15 -475.837 -360.349
43.1373 -43.1373 15 -445.9 -323.254
43.1373 -39.2157 15 -409.662 -281.392
43.1373 -35.2941 15 -376.174 -230.848
43.1373 -31.3725 15 -345.139 -170.034
43.1373 -27.451 15 -306.552 -109.02
43.1373 -23.5294 15 -261.965 -62.5194
43.1373 -19.6078 15 -206.827 -53.2264
43.1373 -15.6863 15 -146.522 -84.2032
43.1373 -11.7647 15 -98.128 -84.9659
43.1373 -7.84314 0 -61.0218 -98.4481
43.1373 -3.92157 0 -84.5963 -129.054
43.1373 0 0 -103.846 -138.839
43.1373 3.92157 0 -95.1346 -185.086
43.1373 7.84314 0 -132.16 -212.934
43.1373 11.7647 0 -150.085 -262.676
43.1373 15.6863 0 -172.462 -306.428
43.1373 19.6078 0 -213.842 -361.861
43.1373 23.5294 0 -245.761 -403.125
43.1373 27.451 0 -296.179 -431.136
43.1373 31.3725 0 -342.38 -458.235
43.1373 35.2941 0 -391.36 -484.422
43.1373 39.2157 0 -421.827 -508.78
43.1373 43.1373 0 -447.225 -534.289
43.1373 47.0588 0 -473.827 -559.348
43.1373 50.9804 0 -499.729 -582.764
43.1373 54.902 0 -524.382 -604.153
43.1373 58.8235 0 -549.674 -624.916
43.1373 62.7451 0 -570.848 -644.536
43.1373 66.6667 0 -590.745 -664.337
43.1373 70.5882 0 -612.286 -684.758
43.1373 74.5098 0 -632.523 -703.192
43.1373 78.4314 0 -652.644 -724.035
43.1373 82.3529 0 -672.361 -743.272
43.1373 86.2745 0 -692.897 -762.746
43.1373 90.1961 0 -711.549 -782.844
43.1373 94.1176 0 -731.771 -803.044
43.1373 98.0392 0 -752.306 -807.608
47.0588 -98.0392 15 -754.567 -723.32
47.0588 -94.1176 15 -747.113 -701.056
47.0588 -90.1961 15 -739.318 -677.741
47.0588 -86.2745 15 -731.323 -653.519
47.0588 -82.3529 15 -709.655 -630.903
47.0588 -78.4314 15 -683.799 -607.701
47.0588 -74.5098 15 -661.644 -577.326
47.0588 -70.5882 15 -638.219 -547.801
47.0588 -66.6667 15 -614.874 -518.301
47.0588 -62.7451 15 -585.283 -486.492
47.0588 -58.8235 15 -554.916 -457.666
47.0588 -54.902 15 -525.553 -424.565
47.0588 -50.9804 15 -494.922 -384.053
47.0588 -47.0588 15 -463.98 -352.421
47.0588 -43.1373 15 -434.808 -314.009
47.0588 -39.2157 15 -401.343 -271.717
47.0588 -35.2941 15 -371.418 -218.811
47.0588 -31.3725 15 -337.642 -157.996
47.0588 -27.451 15 -298.192 -102.04
47.0588 -23.5294 15 -251.897 -59.0267
47.0588 -19.6078 15 -195.581 -69.1781
47.0588 -15.6863 15 -139.609 -93.8902
47.0588 -11.7647 15 -94.0351 -87.8355
47.0588 -7.84314 0 -64.1746 -115.309
47.0588 -3.92157 0 -100.242 -140.021
47.0588 0 0 -112.323 -153.931
47.0588 3.92157 0 -103.654 -199.643
47.0588 7.84314 0 -146.218 -228.605
47.0588 11.7647 0 -158.518 -279.256
47.0588 15.6863 0 -190.628 -324.042
47.0588 19.6078 0 -227.073 -380.062
47.0588 23.5294 0 -262.762 -414.228
47.0588 27.451 0 -311.465 -438.931
47.0588 31.3725 0 -360.012 -465.895
47.0588 35.2941 0 -402.636 -492.265
47.0588 39.2157 0 -429.502 -516.084
47.0588 43.1373 0 -454.678 -541.502
47.0588 47.0588 0 -481.279 -566.835
47.0588 50.9804 0 -507.549 -586.603
47.0588 54.902 0 -531.519 -608.211
47.0588 58.8235 0 -553.71 -628.461
47.0588 62.7451 0 -574.227 -647.857
47.0588 66.6667 0 -594.377 -669.287
47.0588 70.5882 0 -616.183 -687.805
47.0588 74.5098 0 -636.442 -707.317
47.0588 78.4314 0 -655.638 -728.263
47.0588 82.3529 0 -677 -748.442
47.0588 86.2745 0 -696.54 -767.622
47.0588 90.1961 0 -715.476 -787.148
47.0588 94.1176 0 -735.662 -806.757
47.0588 98.0392 0 -755.876 -810.669
50.9804 -98.0392 15 -747.14 -716.788
50.9804 -94.1176 15 -740.15 -693.167
50.9804 -90.1961 15 -732.337 -670.212
50.9804 -86.2745 15 -723.012 -646.702
50.9804 -82.3529 15 -700.774 -623.856
50.9804 -78.4314 15 -677.617 -597.19
50.9804 -74.5098 15 -654.287 -565.744
50.9804 -70.5882 15 -630.875 -536.872
50.9804 -66.6667 15 -604.914 -506.126
50.9804 -62.7451 15 -574.704 -475.459
50.9804 -58.8235 15 -544.413 -445.772
50.9804 -54.902 15 -514.897 -409.98
50.9804 -50.9804 15 -484.255 -376.133
50.9804 -47.0588 15 -454.345 -345.652
50.9804 -43.1373 15 -426.562 -306.311
50.9804 -39.2157 15 -396.015 -261.849
50.9804 -35.2941 15 -364.566 -206.638
50.9804 -31.3725 15 -329.517 -146.284
50.9804 -27.451 15 -289.534 -98.0598
50.9804 -23.5294 15 -241.465 -60.7001
50.9804 -19.6078 15 -183.521 -84.2704
50.9804 -15.6863 15 -135.502 -103.466
50.9804 -11.7647 0 -89.7394 -94.7746
50.9804 -7.84314 0 -72.5875 -131.824
50.9804 -3.92157 0 -113.141 -149.672
50.9804 0 0 -118.676 -172.099
50.9804 3.92157 0 -115.888 -213.531
50.9804 7.84314 0 -159.223 -245.242
50.9804 11.7647 0 -169.632 -295.921
50.9804 15.6863 0 -207.971 -341.906
50.9804 19.6078 0 -239.601 -390.885
50.9804 23.5294 0 -280.026 -421.615
50.9804 27.451 0 -327.282 -446.648
50.9804 31.3725 0 -377.585 -473.174
50.9804 35.2941 0 -410.208 -499.456
50.9804 39.2157 0 -436.834 -523.165
50.9804 43.1373 0 -462.539 -549.714
50.9804 47.0588 0 -488.759 -570.608
50.9804 50.9804 0 -515.267 -590.421
50.9804 54.902 0 -535.656 -611.811
50.9804 58.8235 0 -557.205 -632.172
50.9804 62.7451 0 -579.369 -651.719
50.9804 66.6667 0 -598.786 -672.707
50.9804 70.5882 0 -620.086 -692.249
50.9804 74.5098 0 -640.267 -711.514
50.9804 78.4314 0 -660.513 -731.897
50.9804 82.3529 0 -680.694 -751.649
50.9804 86.2745 0 -699.998 -769.863
50.9804 90.1961 0 -719.565 -791.258
50.9804 94.1176 0 -740.154 -811.274
50.9804 98.0392 0 -759.247 -814.539
54.902 -98.0392 15 -738.712 -710.073
54.902 -94.1176 15 -731.529 -686.01
54.902 -90.1961 15 -722.742 -662.488
54.902 -86.2745 15 -716.578 -639.841
54.902 -82.3529 15 -694.039 -615.552
54.902 -78.4314 15 -669.37 -584.89
54.902 -74.5098 15 -646.008 -555.403
54.902 -70.5882 15 -623.679 -526.072
54.902 -66.6667 15 -592.932 -494.584
54.902 -62.7451 15 -562.814 -464.13
54.902 -58.8235 15 -533.881 -434.902
54.902 -54.902 15 -503.166 -401.427
54.902 -50.9804 15 -472.877 -371.018
54.902 -47.0588 15 -448.452 -337.46
54.902 -43.1373 15 -419.096 -298.201
54.902 -39.2157 15 -389.198 -252.102
54.902 -35.2941 15 -358.273 -195.099
54.902 -31.3725 15 -321.491 -139.293
54.902 -27.451 15 -280.291 -93.681
54.902 -23.5294 15 -230.858 -63.8212
54.902 -19.6078 15 -176.829 -99.9228
54.902 -15.6863 15 -131.224 -111.967
54.902 -11.7647 0 -90.3234 -103.324
54.902 -7.84314 0 -89.0187 -145.822
54.902 -3.92157 0 -124.702 -158.2
54.902 0 0 -122.798 -190.393
54.902 3.92157 0 -133.291 -226.831
54.902 7.84314 0 -171.917 -262.316
54.902 11.7647 0 -182.128 -311.282
54.902 15.6863 0 -224.779 -359.812
54.902 19.6078 0 -254.043 -402.095
54.902 23.5294 0 -298.431 -429.037
54.902 27.451 0 -343.7 -454.128
54.902 31.3725 0 -389.189 -481.455
54.902 35.2941 0 -417.651 -507.379
54.902 39.2157 0 -444.528 -530.655
54.902 43.1373 0 -470.031 -553.303
54.902 47.0588 0 -496.815 -574.664
54.902 50.9804 0 -519.324 -594.172
54.902 54.902 0 -539.356 -615.83
54.902 58.8235 0 -561.179 -635.746
54.902 62.7451 0 -582.602 -656.067
54.902 66.6667 0 -602.377 -676.772
54.902 70.5882 0 -623.67 -696.309
54.902 74.5098 0 -643.912 -715.919
54.902 78.4314 0 -663.781 -736.448
54.902 82.3529 0 -684.828 -755.963
54.902 86.2745 0 -704.727 -775.105
54.902 90.1961 0 -724.171 -794.367
54.902 94.1176 0 -743.339 -816.594
54.902 98.0392 0 -764.15 -819.164
58.8235 -98.0392 15 -731.786 -700.829
58.8235 -94.1176 15 -723.709 -677.24
58.8235 -90.1961 15 -716.52 -655.593
58.8235 -86.2745 15 -707.623 -630.37
58.8235 -82.3529 15 -685.457 -604.174
58.8235 -78.4314 15 -662.351 -575.228
58.8235 -74.5098 15 -639.198 -545.046
58.8235 -70.5882 15 -612.429 -514.622
58.8235 -66.6667 15 -582.306 -483.865
58.8235 -62.7451 15 -553.391 -454.036
58.8235 -58.8235 15 -522.942 -426.225
58.8235 -54.902 15 -492.356 -395.335
58.8235 -50.9804 15 -467.434 -364.691
58.8235 -47.0588 15 -444.864 -329.225
58.8235 -43.1373 15 -413.71 -289.171
58.8235 -39.2157 15 -383.345 -240.535
58.8235 -35.2941 15 -352.659 -183.012
58.8235 -31.3725 15 -312.669 -135.21
58.8235 -27.451 15 -269.846 -89.4908
58.8235 -23.5294 15 -219.92 -72.2615
58.8235 -19.6078 15 -172.542 -112.821
58.8235 -15.6863 15 -126.899 -118.349
58.8235 -11.7647 0 -92.7445 -115.566
58.8235 -7.84314 0 -106.225 -158.888
58.8235 -3.92157 0 -135.916 -169.306
58.8235 0 0 -129.062 -207.64
58.8235 3.92157 0 -151.277 -239.233
58.8235 7.84314 0 -183.602 -279.571
58.8235 11.7647 0 -194.75 -327.018
58.8235 15.6863 0 -240.436 -377.493
58.8235 19.6078 0 -269.607 -410.018
58.8235 23.5294 0 -316.397 -436.819
58.8235 27.451 0 -361.777 -462.228
58.8235 31.3725 0 -396.821 -488.388
58.8235 35.2941 0 -425.756 -514.974
58.8235 39.2157 0 -452.009 -535.249
58.8235 43.1373 0 -477.109 -556.668
58.8235 47.0588 0 -501.19 -578.588
58.8235 50.9804 0 -523.125 -598.674
58.8235 54.902 0 -543.394 -619.739
58.8235 58.8235 0 -565.123 -639.87
58.8235 62.7451 0 -587.11 -659.992
58.8235 66.6667 0 -606.451 -679.677
58.8235 70.5882 0 -628.053 -700.45
58.8235 74.5098 0 -647.9 -719.648
58.8235 78.4314 0 -667.77 -739.458
58.8235 82.3529 0 -688.412 -759.199
58.8235 86.2745 0 -708.472 -777.444
58.8235 90.1961 0 -727.016 -798.424
58.8235 94.1176 0 -747.624 -818.878
58.8235 98.0392 0 -768.27 -822.518
62.7451 -98.0392 15 -723.288 -693.371
62.7451 -94.1176 15 -716.099 -670.275
62.7451 -90.1961 15 -708.451 -646.015
62.7451 -86.2745 15 -700.933 -623.456
62.7451 -82.3529 15 -678.231 -592.682
62.7451 -78.4314 15 -654.6 -563.192
62.7451 -74.5098 15 -630.22 -532.77
62.7451 -70.5882 15 -600.078 -503.13
62.7451 -66.6667 15 -570.609 -473.491
62.7451 -62.7451 15 -540.449 -447.175
62.7451 -58.8235 15 -512.292 -418.926
62.7451 -54.902 15 -487.771 -389.275
62.7451 -50.9804 15 -465.177 -358.611
62.7451 -47.0588 15 -438.916 -321.393
62.7451 -43.1373 15 -407.307 -279.743
62.7451 -39.2157 15 -377.471 -230.738
62.7451 -35.2941 15 -344.412 -176.265
62.7451 -31.3725 15 -304.54 -130.737
62.7451 -27.451 15 -260.524 -89.8723
62.7451 -23.5294 15 -213.336 -88.6426
62.7451 -19.6078 15 -168.679 -124.453
62.7451 -15.6863 0 -122.34 -122.362
62.7451 -11.7647 0 -95.6736 -132.998
62.7451 -7.84314 0 -122.854 -171.585
62.7451 -3.92157 0 -145.943 -181.856
62.7451 0 0 -137.269 -224.495
62.7451 3.92157 0 -168.392 -253.644
62.7451 7.84314 0 -193.539 -297.977
62.7451 11.7647 0 -209.352 -343.693
62.7451 15.6863 0 -255.493 -389.119
62.7451 19.6078 0 -285.259 -417.473
62.7451 23.5294 0 -333.987 -444.653
62.7451 27.451 0 -379.162 -470.076
62.7451 31.3725 0 -404.58 -496.347
62.7451 35.2941 0 -433.037 -518.782
62.7451 39.2157 0 -460.43 -538.924
62.7451 43.1373 0 -481.615 -560.865
62.7451 47.0588 0 -504.92 -582.301
62.7451 50.9804 0 -526.663 -602.196
62.7451 54.902 0 -547.189 -623.331
62.7451 58.8235 0 -569.12 -644.132
62.7451 62.7451 0 -590.786 -663.368
62.7451 66.6667 0 -610.176 -683.532
62.7451 70.5882 0 -632.092 -703.918
62.7451 74.5098 0 -652.292 -723.353
62.7451 78.4314 0 -671.424 -742.681
62.7451 82.3529 0 -692.472 -764.008
62.7451 86.2745 0 -712.739 -781.872
62.7451 90.1961 0 -730.804 -802.647
62.7451 94.1176 0 -752.019 -822.04
62.7451 98.0392 0 -771.323 -826.371
66.6667 -98.0392 15 -715.903 -686.189
66.6667 -94.1176 15 -709.049 -661.838
66.6667 -90.1961 15 -701.757 -639.235
66.6667 -86.2745 15 -694.093 -613.948
66.6667 -82.3529 15 -670.961 -582.029
66.6667 -78.4314 15 -647.469 -552.317
66.6667 -74.5098 15 -620.518 -523.239
66.6667 -70.5882 15 -590.655 -492.249
66.6667 -66.6667 15 -560.066 -467.827
66.6667 -62.7451 15 -529.702 -444.447
66.6667 -58.8235 15 -506.533 -413.787
66.6667 -54.902 15 -483.785 -382.519
66.6667 -50.9804 15 -461.005 -352.489
66.6667 -47.0588 15 -432.702 -313.013
66.6667 -43.1373 15 -402.717 -269.59
66.6667 -39.2157 15 -372.077 -219.411
66.6667 -35.2941 15 -336.498 -172.953
66.6667 -31.3725 15 -296.46 -126.483
66.6667 -27.451 15 -249.539 -92.4426
66.6667 -23.5294 15 -209.911 -105.904
66.6667 -19.6078 15 -164.163 -135.521
66.6667 -15.6863 0 -122.516 -128.709
66.6667 -11.7647 0 -102.576 -150.917
66.6667 -7.84314 0 -139.138 -183.423
66.6667 -3.92157 0 -153.631 -194.401
66.6667 0 0 -145.598 -240.367
66.6667 3.92157 0 -184.896 -269.271
66.6667 7.84314 0 -202.255 -316.122
66.6667 11.7647 0 -224.633 -361.45
66.6667 15.6863 0 -270.05 -396.603
66.6667 19.6078 0 -300.787 -424.998
66.6667 23.5294 0 -350.965 -451.988
66.6667 27.451 0 -386.806 -476.818
66.6667 31.3725 0 -412.215 -500.794
66.6667 35.2941 0 -440.829 -523.016
66.6667 39.2157 0 -464.348 -542.339
66.6667 43.1373 0 -485.378 -564.785
66.6667 47.0588 0 -508.701 -586.605
66.6667 50.9804 0 -531.019 -605.63
66.6667 54.902 0 -551.054 -627.539
66.6667 58.8235 0 -573.378 -647.601
66.6667 62.7451 0 -594.09 -668.066
66.6667 66.6667 0 -614.189 -688.031
66.6667 70.5882 0 -635.431 -707.38
66.6667 74.5098 0 -656.108 -727.331
66.6667 78.4314 0 -676.145 -747.792
66.6667 82.3529 0 -696.414 -767.099
66.6667 86.2745 0 -715.562 -785.484
66.6667 90.1961 0 -734.832 -806.053
66.6667 94.1176 0 -755.092 -826.38
66.6667 98.0392 0 -776.013 -830.431
70.5882 -98.0392 15 -707.769 -678.531
70.5882 -94.1176 15 -700.841 -655.067
70.5882 -90.1961 15 -692.941 -631.309
70.5882 -86.2745 15 -684.85 -601.928
70.5882 -82.3529 15 -662.889 -571.643
70.5882 -78.4314 15 -637.929 -541.352
70.5882 -74.5098 15 -609.79 -512.591
70.5882 -70.5882 15 -579.518 -487.795
70.5882 -66.6667 15 -549.138 -464.139
70.5882 -62.7451 15 -526.162 -438.391
70.5882 -58.8235 15 -503.3 -406.085
70.5882 -54.902 15 -481.104 -377.451
70.5882 -50.9804 15 -457.149 -344.645
70.5882 -47.0588 15 -427.751 -303.899
70.5882 -43.1373 15 -395.297 -260.418
70.5882 -39.2157 15 -365.21 -213.511
70.5882 -35.2941 15 -327.731 -168.145
70.5882 -31.3725 15 -287.825 -122.139
70.5882 -27.451 15 -245.038 -95.2908
70.5882 -23.5294 15 -205.9 -122.5
70.5882 -19.6078 15 -159.287 -145.681
70.5882 -15.6863 0 -124.982 -136.889
70.5882 -11.7647 0 -111.077 -167.989
70.5882 -7.84314 0 -153.062 -193.394
70.5882 -3.92157 0 -158.155 -208.899
70.5882 0 0 -156.965 -255.134
70.5882 3.92157 0 -199.681 -284.789
70.5882 7.84314 0 -213.208 -333.532
70.5882 11.7647 0 -240.979 -378.519
70.5882 15.6863 0 -283.431 -404.115
70.5882 19.6078 0 -317.17 -432.565
70.5882 23.5294 0 -367.401 -459.754
70.5882 27.451 0 -394.653 -481.07
70.5882 31.3725 0 -419.915 -504.533
70.5882 35.2941 0 -444.777 -526.531
70.5882 39.2157 0 -467.9 -546.943
70.5882 43.1373 0 -488.97 -568.655
70.5882 47.0588 0 -512.348 -589.999
70.5882 50.9804 0 -534.612 -610.16
70.5882 54.902 0 -555.051 -631.085
70.5882 58.8235 0 -576.968 -651.783
70.5882 62.7451 0 -598.615 -671.505
70.5882 66.6667 0 -618.477 -692.383
70.5882 70.5882 0 -639.506 -711.917
70.5882 74.5098 0 -659.495 -730.486
70.5882 78.4314 0 -679.902 -751.223
70.5882 82.3529 0 -700.101 -771.77
70.5882 86.2745 0 -719.654 -790.088
70.5882 90.1961 0 -738.427 -810.554
70.5882 94.1176 0 -759.416 -830.415
70.5882 98.0392 0 -779.344 -835.306
74.5098 -98.0392 15 -700.544 -670.37
74.5098 -94.1176 15 -694.062 -647.067
74.5098 -90.1961 15 -685.45 -620.284
74.5098 -86.2745 15 -677.959 -591.327
74.5098 -82.3529 15 -654.967 -560.778
74.5098 -78.4314 15 -627.672 -529.415
74.5098 -74.5098 15 -598.572 -506.07
74.5098 -70.5882 15 -569.083 -483.679
74.5098 -66.6667 15 -543.008 -461.055
74.5098 -62.7451 15 -521.056 -431.74
74.5098 -58.8235 15 -500.059 -402.638
74.5098 -54.902 15 -476.495 -370.943
74.5098 -50.9804 15 -451.534 -334.763
74.5098 -47.0588 15 -420.533 -296.109
74.5098 -43.1373 15 -389.19 -249.703
74.5098 -39.2157 15 -357.933 -208.812
74.5098 -35.2941 15 -318.606 -163.997
74.5098 -31.3725 15 -277.877 -121.964
74.5098 -27.451 15 -242.109 -102.251
74.5098 -23.5294 15 -201.959 -138.78
74.5098 -19.6078 15 -155.308 -153.403
74.5098 -15.6863 0 -127.704 -145.302
74.5098 -11.7647 0 -123.204 -184.588
74.5098 -7.84314 0 -165.57 -201.922
74.5098 -3.92157 0 -164.252 -224.333
74.5098 0 0 -169.438 -269.848
74.5098 3.92157 0 -213.371 -300.368
74.5098 7.84314 0 -225.773 -350.735
74.5098 11.7647 0 -258.954 -386.271
74.5098 15.6863 0 -296.161 -412.021
74.5098 19.6078 0 -334.075 -440.324
74.5098 23.5294 0 -375.405 -463.851
74.5098 27.451 0 -401.854 -484.984
74.5098 31.3725 0 -423.782 -508.356
74.5098 35.2941 0 -448.747 -530.855
74.5098 39.2157 0 -472.154 -551.059
74.5098 43.1373 0 -493.199 -572.914
74.5098 47.0588 0 -516.504 -594.141
74.5098 50.9804 0 -538.822 -613.924
74.5098 54.902 0 -558.628 -635.478
74.5098 58.8235 0 -580.892 -655.746
74.5098 62.7451 0 -602.231 -675.811
74.5098 66.6667 0 -622.807 -696.106
74.5098 70.5882 0 -643.42 -715.981
74.5098 74.5098 0 -663.732 -734.96
74.5098 78.4314 0 -683.582 -755.474
74.5098 82.3529 0 -704.208 -774.96
74.5098 86.2745 0 -723.946 -793.919
74.5098 90.1961 0 -742.868 -813.636
74.5098 94.1176 0 -763.842 -833.53
74.5098 98.0392 0 -783.313 -838.686
78.4314 -98.0392 15 -692.995 -663.819
78.4314 -94.1176 15 -685.038 -639.238
78.4314 -90.1961 15 -679.34 -609.626
78.4314 -86.2745 15 -670.431 -580.854
78.4314 -82.3529 15 -647.356 -548.226
78.4314 -78.4314 15 -617.377 -523.8
78.4314 -74.5098 15 -587.125 -501.837
78.4314 -70.5882 15 -563.094 -481.119
78.4314 -66.6667 15 -540.374 -457.689
78.4314 -62.7451 15 -518.4 -427.853
78.4314 -58.8235 15 -496.239 -395.626
78.4314 -54.902 15 -473.948 -364.062
78.4314 -50.9804 15 -445.927 -327.448
78.4314 -47.0588 15 -414.113 -287.465
78.4314 -43.1373 15 -382.588 -245.17
78.4314 -39.2157 15 -350.817 -205.533
78.4314 -35.2941 15 -309.565 -159.394
78.4314 -31.3725 15 -272.942 -124.775
78.4314 -27.451 15 -239.312 -110.738
78.4314 -23.5294 15 -196.517 -152.748
78.4314 -19.6078 0 -155.699 -157.833
78.4314 -15.6863 0 -130.13 -156.54
78.4314 -11.7647 0 -140.5 -199.28
78.4314 -7.84314 0 -177.654 -213.015
78.4314 -3.92157 0 -172.511 -240.63
78.4314 0 0 -184.216 -283.109
78.4314 3.92157 0 -226.243 -316.853
78.4314 7.84314 0 -238.396 -367.294
78.4314 11.7647 0 -276.989 -394.348
78.4314 15.6863 0 -310.651 -419.509
78.4314 19.6078 0 -350.776 -444.347
78.4314 23.5294 0 -383.028 -467.947
78.4314 27.451 0 -405.604 -488.785
78.4314 31.3725 0 -427.837 -512.11
78.4314 35.2941 0 -452.282 -534.409
78.4314 39.2157 0 -475.836 -554.316
78.4314 43.1373 0 -496.944 -576.435
78.4314 47.0588 0 -520.235 -597.926
78.4314 50.9804 0 -541.811 -617.745
78.4314 54.902 0 -562.565 -638.786
78.4314 58.8235 0 -584.752 -660.12
78.4314 62.7451 0 -605.955 -678.663
78.4314 66.6667 0 -625.768 -700.653
78.4314 70.5882 0 -647.52 -719.37
78.4314 74.5098 0 -667.323 -738.24
78.4314 78.4314 0 -687.473 -758.928
78.4314 82.3529 0 -708.197 -779.019
78.4314 86.2745 0 -728.241 -798.447
78.4314 90.1961 0 -746.028 -818.11
78.4314 94.1176 0 -767.098 -838.236
78.4314 98.0392 0 -787.586 -841.971
82.3529 -98.0392 15 -686.195 -655.996
82.3529 -94.1176 15 -678.37 -628.243
82.3529 -90.1961 15 -671.152 -598.131
82.3529 -86.2745 15 -662.903 -569.521
82.3529 -82.3529 15 -635.849 -542.937
82.3529 -78.4314 15 -606.445 -521.052
82.3529 -74.5098 15 -583.454 -499.251
82.3529 -70.5882 15 -560.535 -476.69
82.3529 -66.6667 15 -538.333 -451.768
82.3529 -62.7451 15 -514.575 -420.621
82.3529 -58.8235 15 -492.099 -388.73
82.3529 -54.902 15 -471.012 -358.57
82.3529 -50.9804 15 -439.737 -318.776
82.3529 -47.0588 15 -408.409 -277.833
82.3529 -43.1373 15 -377.706 -242.111
82.3529 -39.2157 15 -342.994 -201.539
82.3529 -35.2941 15 -302.363 -154.955
82.3529 -31.3725 15 -270.27 -127.187
82.3529 -27.451 15 -236.426 -122.854
82.3529 -23.5294 15 -192.662 -165.315
82.3529 -19.6078 0 -157.97 -163.982
82.3529 -15.6863 0 -136.444 -169.107
82.3529 -11.7647 0 -158.404 -212.949
82.3529 -7.84314 0 -187.314 -225.622
82.3529 -3.92157 0 -180.629 -258.769
82.3529 0 0 -201.84 -295.998
82.3529 3.92157 0 -237.051 -333.778
82.3529 7.84314 0 -251.052 -374.953
82.3529 11.7647 0 -293.883 -401.606
82.3529 15.6863 0 -326.198 -423.338
82.3529 19.6078 0 -358.514 -448.315
82.3529 23.5294 0 -386.75 -471.83
82.3529 27.451 0 -409.808 -492.613
82.3529 31.3725 0 -431.657 -516.109
82.3529 35.2941 0 -456.15 -538.384
82.3529 39.2157 0 -479.762 -558.717
82.3529 43.1373 0 -500.651 -580.292
82.3529 47.0588 0 -524.227 -601.566
82.3529 50.9804 0 -546.119 -621.218
82.3529 54.902 0 -566.703 -643.529
82.3529 58.8235 0 -588.933 -663.853
82.3529 62.7451 0 -609.938 -683.093
82.3529 66.6667 0 -630.163 -703.269
82.3529 70.5882 0 -650.848 -724.175
82.3529 74.5098 0 -672.062 -742.24
82.3529 78.4314 0 -691.012 -763.025
82.3529 82.3529 0 -711.871 -783.133
82.3529 86.2745 0 -731.249 -801.637
82.3529 90.1961 0 -750.731 -822.146
82.3529 94.1176 0 -771.44 -841.577
82.3529 98.0392 0 -790.727 -845.784
86.2745 -98.0392 15 -678.323 -649.166
86.2745 -94.1176 15 -670.599 -617.101
86.2745 -90.1961 15 -662.387 -587.675
86.2745 -86.2745 15 -654.453 -562.894
86.2745 -82.3529 15 -625.443 -540.191
86.2745 -78.4314 15 -600.042 -518.182
86.2745 -74.5098 15 -578.163 -496.167
86.2745 -70.5882 15 -555.921 -473.559
86.2745 -66.6667 15 -533.339 -446.032
86.2745 -62.7451 15 -513.073 -414.885
86.2745 -58.8235 15 -490.381 -383.199
86.2745 -54.902 15 -464.906 -350.11
86.2745 -50.9804 15 -433.755 -310.072
86.2745 -47.0588 15 -401.959 -272.818
86.2745 -43.1373 15 -371.265 -239.251
86.2745 -39.2157 15 -333.047 -196.478
86.2745 -35.2941 15 -298.987 -154.888
86.2745 -31.3725 15 -268.371 -129.846
86.2745 -27.451 15 -232.161 -140.097
86.2745 -23.5294 15 -188.809 -177.273
86.2745 -19.6078 0 -160.526 -172.163
86.2745 -15.6863 0 -144.681 -183.849
86.2745 -11.7647 0 -175.31 -225.994
86.2745 -7.84314 0 -193.586 -238.155
86.2745 -3.92157 0 -189.085 -276.685
86.2745 0 0 -219.959 -310.218
86.2745 3.92157 0 -245.999 -350.363
86.2745 7.84314 0 -265.357 -382.624
86.2745 11.7647 0 -310.466 -405.389
86.2745 15.6863 0 -341.846 -427.17
86.2745 19.6078 0 -362.403 -452.131
86.2745 23.5294 0 -390.686 -475.496
86.2745 27.451 0 -413.778 -496.603
86.2745 31.3725 0 -435.242 -520.156
86.2745 35.2941 0 -460.157 -542.208
86.2745 39.2157 0 -483.591 -562.165
86.2745 43.1373 0 -504.835 -584.477
86.2745 47.0588 0 -528.201 -605.915
86.2745 50.9804 0 -550.647 -625.498
86.2745 54.902 0 -570.519 -646.763
86.2745 58.8235 0 -592.484 -666.967
86.2745 62.7451 0 -613.754 -687.003
86.2745 66.6667 0 -633.31 -707.852
86.2745 70.5882 0 -655.373 -727.634
86.2745 74.5098 0 -675.616 -746.081
86.2745 78.4314 0 -694.957 -766.95
86.2745 82.3529 0 -715.502 -786.829
86.2745 86.2745 0 -735.827 -805.495
86.2745 90.1961 0 -754.608 -825.569
86.2745 94.1176 0 -775.265 -846.115
86.2745 98.0392 0 -795.149 -849.922
90.1961 -98.0392 15 -670.578 -636.006
90.1961 -94.1176 15 -664.547 -605.989
90.1961 -90.1961 15 -655.564 -582.183
90.1961 -86.2745 15 -644.022 -559.225
90.1961 -82.3529 15 -620.804 -537.844
90.1961 -78.4314 15 -598.006 -516.089
90.1961 -74.5098 15 -576.403 -492.151
90.1961 -70.5882 15 -552.258 -470.108
90.1961 -66.6667 15 -529.004 -439.544
90.1961 -62.7451 15 -508.029 -408.513
90.1961 -58.8235 15 -487.423 -376.867
90.1961 -54.902 15 -458.717 -342.069
90.1961 -50.9804 15 -426.298 -302.24
90.1961 -47.0588 15 -396.886 -270.515
90.1961 -43.1373 15 -364.842 -235.338
90.1961 -39.2157 15 -325.016 -192.003
90.1961 -35.2941 15 -298.598 -157.653
90.1961 -31.3725 15 -266.24 -136.156
90.1961 -27.451 15 -228.681 -158.032
90.1961 -23.5294 15 -188.489 -187.133
90.1961 -19.6078 0 -163.18 -180.406
90.1961 -15.6863 0 -152.917 -201.529
90.1961 -11.7647 0 -191.622 -236.537
90.1961 -7.84314 0 -200.006 -250.622
90.1961 -3.92157 0 -199.969 -293.71
90.1961 0 0 -236.724 -325.778
90.1961 3.92157 0 -257.15 -358.102
90.1961 7.84314 0 -280.366 -386.305
90.1961 11.7647 0 -325.22 -409.146
90.1961 15.6863 0 -345.961 -431.082
90.1961 19.6078 0 -366.449 -455.893
90.1961 23.5294 0 -394.443 -479.585
90.1961 27.451 0 -417.206 -500.322
90.1961 31.3725 0 -439.34 -523.929
90.1961 35.2941 0 -464.201 -546.041
90.1961 39.2157 0 -487.657 -566.335
90.1961 43.1373 0 -508.575 -587.993
90.1961 47.0588 0 -532.125 -609.462
90.1961 50.9804 0 -554.141 -629.59
90.1961 54.902 0 -574.272 -650.357
90.1961 58.8235 0 -596.408 -671.553
90.1961 62.7451 0 -617.474 -690.492
90.1961 66.6667 0 -637.278 -711.65
90.1961 70.5882 0 -658.833 -731.868
90.1961 74.5098 0 -679.126 -751.039
90.1961 78.4314 0 -698.676 -771.096
90.1961 82.3529 0 -720.3 -791.378
90.1961 86.2745 0 -739.233 -809.376
90.1961 90.1961 0 -758.261 -829.662
90.1961 94.1176 0 -778.959 -849.69
90.1961 98.0392 0 -798.475 -854.11
94.1176 -98.0392 15 -663.176 -625.967
94.1176 -94.1176 15 -654.749 -600.683
94.1176 -90.1961 15 -643.4 -577.448
94.1176 -86.2745 15 -638.743 -556.181
94.1176 -82.3529 15 -616.14 -532.47
94.1176 -78.4314 15 -593.842 -512.611
94.1176 -74.5098 15 -571.405 -490.304
94.1176 -70.5882 15 -549.16 -463.884
94.1176 -66.6667 15 -528.31 -434.207
94.1176 -62.7451 15 -504.773 -401.839
94.1176 -58.8235 15 -483.49 -370.544
94.1176 -54.902 15 -452.402 -333.442
94.1176 -50.9804 15 -420.71 -298.936
94.1176 -47.0588 15 -389.975 -267.991
94.1176 -43.1373 15 -356.149 -232.104
94.1176 -39.2157 15 -322.093 -188.235
94.1176 -35.2941 15 -295.855 -160.461
94.1176 -31.3725 15 -263.986 -144.282
94.1176 -27.451 15 -224.933 -175.041
94.1176 -23.5294 0 -191.346 -193.383
94.1176 -19.6078 0 -165.427 -188.695
94.1176 -15.6863 0 -164.067 -219.6
94.1176 -11.7647 0 -205.644 -245.673
94.1176 -7.84314 0 -208.249 -264.88
94.1176 -3.92157 0 -212.226 -310.091
94.1176 0 0 -252.99 -341.426
94.1176 3.92157 0 -269.8 -362.027
94.1176 7.84314 0 -295.255 -390.303
94.1176 11.7647 0 -329.148 -413.337
94.1176 15.6863 0 -349.536 -435.349
94.1176 19.6078 0 -370.368 -460.059
94.1176 23.5294 0 -398.043 -483.23
94.1176 27.451 0 -421.34 -504.776
94.1176 31.3725 0 -443.546 -527.953
94.1176 35.2941 0 -468.25 -549.881
94.1176 39.2157 0 -491.558 -570.018
94.1176 43.1373 0 -512.452 -592.561
94.1176 47.0588 0 -535.831 -613.929
94.1176 50.9804 0 -558.211 -633.631
94.1176 54.902 0 -578.211 -654.479
94.1176 58.8235 0 -600.665 -675.462
94.1176 62.7451 0 -621.658 -695.055
94.1176 66.6667 0 -641.835 -715.138
94.1176 70.5882 0 -662.853 -735.738
94.1176 74.5098 0 -683.427 -754.255
94.1176 78.4314 0 -702.85 -774.01
94.1176 82.3529 0 -723.757 -794.905
94.1176 86.2745 0 -743.286 -813.33
94.1176 90.1961 0 -762.422 -833.646
94.1176 94.1176 0 -783.257 -853.866
94.1176 98.0392 0 -803.329 -858.239
98.0392 -98.0392 15 -655.105 -621.27
98.0392 -94.1176 15 -644.16 -598.2
98.0392 -90.1961 15 -639.083 -576.136
98.0392 -86.2745 15 -636.433 -553.348
98.0392 -82.3529 15 -613.194 -529.892
98.0392 -78.4314 15 -589.664 -507.587
98.0392 -74.5098 15 -568.048 -485.571
98.0392 -70.5882 15 -545.24 -457.024
98.0392 -66.6667 15 -523.791 -425.492
98.0392 -62.7451 15 -501.66 -396.453
98.0392 -58.8235 15 -477.569 -364.26
98.0392 -54.902 15 -444.959 -325.179
98.0392 -50.9804 15 -415.377 -298.127
98.0392 -47.0588 15 -383.255 -265.879
98.0392 -43.1373 15 -348.533 -228.203
98.0392 -39.2157 15 -321.99 -188.172
98.0392 -35.2941 15 -294.188 -162.826
98.0392 -31.3725 15 -260.513 -152.507
98.0392 -27.451 15 -221.747 -191.315
98.0392 -23.5294 0 -193.491 -199.627
98.0392 -19.6078 0 -171.63 -199.547
98.0392 -15.6863 0 -176.596 -236.521
98.0392 -11.7647 0 -217.65 -256.987
98.0392 -7.84314 0 -216.426 -280.112
98.0392 -3.92157 0 -224.424 -324.946
98.0392 0 0 -267.139 -345.166
98.0392 3.92157 0 -282.179 -366.012
98.0392 7.84314 0 -299.233 -394.127
98.0392 11.7647 0 -333.015 -417.279
98.0392 15.6863 0 -353.474 -438.645
98.0392 19.6078 0 -374.223 -463.757
98.0392 23.5294 0 -402.557 -487.514
98.0392 27.451 0 -425.29 -508.169
98.0392 31.3725 0 -446.962 -531.72
98.0392 35.2941 0 -471.971 -554.114
98.0392 39.2157 0 -495.399 -574.272
98.0392 43.1373 0 -516.316 -596.483
98.0392 47.0588 0 -539.731 -617.117
98.0392 50.9804 0 -561.686 -637.376
98.0392 54.902 0 -582.347 -658.308
98.0392 58.8235 0 -603.927 -678.99
98.0392 62.7451 0 -625.679 -698.274
98.0392 66.6667 0 -645.462 -719.401
98.0392 70.5882 0 -666.936 -739.083
98.0392 74.5098 0 -687.137 -757.559
98.0392 78.4314 0 -706.189 -778.96
98.0392 82.3529 0 -727.214 -798.568
98.0392 86.2745 0 -747.082 -816.753
98.0392 90.1961 0 -766.516 -837.308
98.0392 94.1176 0 -786.762 -857.491
98.0392 98.0392 0 -806.222 -861.801
